2000
100010 100000 100100 669264956 708479073 160226266 104358629 701564286 929068655 45548431 744745988 766002188 237101839 217644593 965295856 692584872 839753724 585619489 538233609 190775597 635884443 210125513 360100575 517144643 315262100 913193840 645617405 257460594 614614689 985580599 31026019 507224500 311728627 387649956 224870160 215227053 502982567 343450697 955017889 23534409 576182615 949097880 16449482 940800965 317860269 865857209 336337693 227490811 360895869 661839194 295998676 880195213 51845881 620260830 629579132 522099632 464025194 99883109 49915948 499580580 453627381 612062220 481596008 923433060 963014415 367667819 650227518 337601957 557475895 896106735 973054538 160033864 705491511 373844513 528082652 854257895 212134059 586899543 291377935 735757654 830819381 660179720 644775333 785224611 140752762 491554381 303749412 16097419 255735203 845089587 795686619 379891251 343900541 89828787 669416402 523131404 496473171 326003016 324731560 841036232 631286385 874007273 42974724 695483381 229370942 346328839 830985782 917209604 659053838 114052569 315710107 611578474 51162026 342580945 529816943 427752082 235343354 617869950 706603046 94692386 707311395 176701457 377716699 816773569 156633868 221689182 528741719 107407502 300098722 448220901 229019967 341821693 164740230 446962991 984331074 466961488 479856796 696490608 929833149 850091655 148978534 806631678 877046525 100246755 589433769 410711780 288939763 375473848 142750910 846077332 989403674 792019915 344638014 934591380 814866997 586088269 820728857 327129460 787704318 746508766 450510738 805244655 349475278 715865228 44869414 232718326 579614391 78588208 605058106 731440300 37114919 216973425 25443120 545244696 170870760 955846443 555957701 465958520 433072464 960927717 372451098 185699144 856655870 35438440 954252230 91435549 816386605 27642852 34951066 254859726 187745145 406091164 273887824 869178243 201172964 425203802 86484845 250354162 449817475 666740951 332777466 21610193 803646568 642412180 434432982 633027237 289314275 999342646 453890249 307492117 914474369 826698642 577227769 155035145 573934814 296266367 310867536 513257777 898245898 630528775 538494472 240109681 443379626 488407217 154296094 457691624 615116040 892223292 487035408 29444864 464787429 281493188 191987247 810921743 831789425 123729118 577035961 822177888 88843989 195154842 31712562 624841850 633969885 535846406 549069700 275781418 830438304 603276166 719771893 514957487 32804862 944311477 817934230 956683001 932212269 814260825 203309529 108832106 114650037 753125924 10274923 85477600 402162563 55476295 903101575 509027477 154170723 303097227 137577453 223474760 608026382 863725916 799812256 230165342 663248820 399249751 234451221 525043824 648585026 889452892 363694798 364253291 221076994 901260337 972209673 727497556 742092475 575535687 724083322 877957797 713804144 544406403 881247571 108596292 562143333 475949864 430429560 950429977 555198225 146103733 803702236 497975264 633441276 833397459 596620921 236209764 365911448 582391401 143919466 349649639 273232479 691133570 757504129 941370617 196252514 135639823 593021197 211205266 855400722 756957897 73821725 563713840 304463272 424844436 388761269 548823137 915763453 275350175 510423856 41724056 214297146 847418591 957495731 298977331 753890670 328198398 534233644 497425819 743071873 854823562 821667695 119787036 685349870 120325721 951357537 14054466 542527369 694284876 394534632 259957423 222792740 727228955 285000248 374600400 851230421 460202664 21260597 363383412 693794046 420277087 28082352 428832447 508121737 912398122 705798959 501623204 635458642 219045767 587757605 408396268 115637871 580819057 688123151 111928531 861047741 54809276 749076259 161585369 637543599 126518733 836895468 113450112 236734936 439667517 176005817 611039266 730092189 947284130 480353129 738447148 648428401 194082275 394179262 314131928 211737976 302930458 69471994 63062190 840622477 728107172 911776234 452877810 241699532 135190368 945555072 762114990 344501481 301644684 558053912 66605233 962514767 209630016 106662382 695627822 266733585 908515014 451943098 425875089 134383087 389635759 489670990 978714984 546986945 987148565 516395258 38319525 391844823 97839735 102877587 786786944 299113669 581365506 494206492 673342366 844350163 903467320 574569738 686002756 490150461 898861130 454662704 183323888 879955950 81170589 313298343 963366818 625416839 896565871 379133018 436831710 710584299 698785513 700364484 269443571 857720317 398652300 720199656 903964330 265537182 464109290 375309842 155315083 56948392 575997345 683431579 524273306 585053852 52894852 130631909 747273653 334985296 148159146 880848756 983571408 129043245 972509389 763971791 336828646 643017221 446540561 61000608 651562073 976059285 836029228 440296777 986001213 624409530 556722762 779434856 948279769 407246340 64244352 203365026 667585856 279658941 607377111 925111493 837818097 30631290 341229484 55621508 872593575 261720484 840190970 404835883 112576103 323424457 649223865 20576084 893239283 47686565 258600356 251405614 630982578 191416163 259602281 764927420 195799073 483032481 747919161 813152349 869942115 922399280 146503758 467215161 916304723 723596848 729067631 675922033 639049927 979390170 42608988 319120650 442560543 895144433 663903082 164616067 567059363 386710801 532461831 821043044 285223167 437973224 857119683 85056172 354144220 334421966 922115182 643391593 230077979 416448920 93209450 581829740 186704894 940150257 390083387 97550685 720703309 180129360 934229851 882941852 879007726 339086582 625718307 166883982 312839338 332062171 752926187 805774844 85960382 19940441 910779329 520095611 926548563 412475742 221480805 181691054 713051769 121061254 151641198 933274680 826148489 370974849 991831733 450948472 59027286 548315024 123498781 857989294 894884855 936958708 651408677 18812835 309588853 262587278 536408735 756005829 484527079 520800040 782152895 369971911 273421593 958613871 994154695 793256922 87560519 646837882 969305668 681440632 767230187 391503349 925200238 619179172 262966928 508713426 504120990 714251891 284587701 566264498 657271276 249814843 361562879 345645066 191625877 227670575 899553302 395141884 268325489 677685719 494504608 383981709 722531278 192440494 902163775 590197029 87927296 530998049 626576418 829568516 824074112 686999169 704886094 479221333 847852373 885821362 513018262 703227780 756140951 692990708 38990422 627320249 808198564 907185376 45767672 583907319 74786606 790376463 116401876 314524414 650836771 754944315 905526031 27337604 721514440 804659496 564517086 149916509 277115905 527784535 859782584 698262911 409632387 956346412 461492371 12535324 440546828 843999864 231090990 764465720 751910767 789335402 125945407 670175346 944948458 921289853 119288449 199817396 889233524 928204277 204905849 971255876 343119854 309423213 260875649 483529694 226877355 447568447 416888130 799371621 159681914 779049814 545538549 958296717 71261707 782682014 238344635 438793453 872931788 998826464 726579981 942775265 95907133 290933154 139960046 777631000 169672388 39641305 133793760 110647209 772174274 204280035 335875522 226278167 77829881 505073010 927261505 637777884 597123362 80631477 26236412 943005411 329104947 40421249 542110443 185152295 890926677 145008146 488155281 584529365 332394290 190018977 569647534 931806017 868799332 374112242 515714019 797643985 177765851 761457434 682953008 68914691 249247294 801712383 92539576 310244765 975688912 626728977 909908299 415575861 666017547 194636304 459062668 965909370 887753858 646362287 69886655 798934753 388348272 688280971 132232119 406901589 760780650 984761966 451349044 152604996 743592225 121699593 841768284 239128863 672075469 886023488 838705230 48286420 411430181 784390411 567908381 125104414 554578196 915061902 578674282 318621213 962287701 328465120 414700179 401167074 47643808 942169107 689916719 410437101 266100235 44636807 212762233 395510458 179683128 852768342 547611737 733589419 101064459 395974675 420734917 480603224 219856098 233691299 313569891 810502268 183559710 175398229 267335424 737074893 298042905 780322395 390309253 59377490 540406762 640049490 810008576 481101130 353278053 541450940 771417650 696638127 34002459 850603883 158069748 717585376 224335207 564187621 78315842 74312363 169499873 775105809 759588754 173792408 770877377 518051183 382218226 992581687 33539780 64657594 300678999 105563912 679872558 205461215 983836506 10596856 350615473 775745159 252192840 691858258 29197383 378647596 931180785 242032660 15497881 543293415 676873783 162149118 662658683 152877727 884612847 422875777 623775904 858875149 738070925 473051280 643858111 776044274 423739054 999928589 812126060 293933938 495812586 72646855 907761503 477822623 284093207 877309422 485433777 26517962 184720172 484362213 331112913 622520818 791656365 690272450 953263555 408685986 952577355 808995264 162434791 497014613 346736311 707629929 448507669 540820915 188769481 891748367 980419689 645441880 565243505 254225186 470840597 140976901 745783332 167170103 401009161 960775210 368789393 102492727 428281358 118228124 474837043 838026255 76805907 166004268 377277261 982065158 763054091 750375310 201890943 423431138 749825937 358156306 368985135 522904563 180679864 845339386 789059397 982341838 509882905 993137539 926729740 156214530 711578105 403674314 317511943 533677416 569171132 70316367 599249814 297625967 825658773 263863255 597928964 475314365 901667654 431474019 552779615 600055150 867255729 959306619 417504188 293056525 579143931 864425657 225683734 758076334 568469600 282223730 432074676 382900554 250861000 752247506 124134274 768985015 397469498 131417679 456278798 295254497 894030070 482477117 212453142 981389247 641641112 722909757 127909229 811617789 275012930 277619452 986805465 535408876 700774376 492969216 987726030 146989344 200857343 613629430 905046828 731888381 435592653 702264064 205987677 960239532 223789235 504524451 500602585 353794444 437101258 909755079 93580889 122061249 796956696 656616393 968621295 716766221 511962663 969928219 347963868 647748067 621425539 322759445 458585900 168659312 434211250 361181423 345240898 852681567 733171103 357495361 170561347 138151435 196596406 51032618 914153161 591126212 412868222 411898374 590761683 673940950 809319465 924035185 948772189 219207883 664483596 991368033 571576739 606513261 317274375 72261374 739052448 365986124 874583233 609310256 851513229 186021775 139194057 744662981 462762706 381447813 794784949 629117410 355892652 595286015 781548479 657835310 421190744 687201006 436032489 802401719 143297573 256460575 638179219 635117031 425959867 111587287 897601081 131834628 392562964 58209503 417180216 703737156 274642291 11080998 366901085 560934547 158407080 268785621 79035025 676657355 507565133 348740565 95438026 136059037 22384045 99274085 863176047 477387646 216653901 751435336 501218081 558294147 797908547 603539405 455142752 712348554 791113470 399797213 740018031 578547596 988573540 472954490 110072532 431165213 256076418 207899228 732414866 742281834 980997090 571014361 977604060 796168508 748469158 998382081 569735483 974207765 997002573 32461428 589772314 923110221 832126338 30024044 396675959 803121498 144774064 245916824 421499060 641459013 920193765 23332521 217920581 160952194 766506511 653872956 839080623 927948536 231971306 665091563 993886921 406112795 601715072 694752440 820294101 729503513 782872125 684765819 471197741 325540883 658837830 37730886 688700778 287139000 139632020 330657959 444893847 285746011 900069997 107884009 691268692 47096273 84432570 487483447 945002222 801419438 659518606 924402587 308826828 263495958 269933093 158873980 604689677 386112081 130325312 868524902 182567459 686195171 301442128 365444144 734723167 188414801 150363509 364785074 244194685 741101281 875232312 120679357 403501171 871015372 672544306 385740357 774405136 939849746 849094830 207801227 201610131 321108929 918724127 278927386 101762744 143788504 499185699 80236664 897117109 854216753 743709187 616793859 63891058 505757707 598610138 128528418 67919374 40812519 858439385 166424779 495040062 852127873 759175934 870223491 386979642 438882342 946552293 397745318 828060304 129541370 862134320 946057094 825454962 153328591 133105424 755105135 407962384 866824524 489373781 136528950 967575788 849534098 260785794 654250812 79461267 215382391 276454317 83478323 879172650 959569113 116686384 674995532 62348654 662227757 222190337 404163854 975117354 165415873 12335527 950250082 612929274 355219378 178547943 536798181 559779966 329595062 668020566 792347130 967233034 655131267 630081006 114441511 101455244 177519640 96748520 468602977 134562513 351466541 277760905 22578963 529104115 539380721 376691150 601273637 15059521 465459071 935897163 632140750 237910433 652771268 59752451 842723702 466284017 837071080 66369329 290226772 463542835 502735368 251861680 257041437 709747520 334125061 808129467 736456476 647289960 354713590 909133353 197227209 530352206 339920598 444232950 811209029 403104711 264995888 452433067 718536306 210519246 305278054 577645336 432733059 455213796 968011773 510882968 202608691 710325533 575098271 369553292 778747995 618769475 515523896 939063215 519584882 57591510 549792840 437553272 619338870 908124123 380823902 833642332 429855205 539813128 658419831 243493807 109316900 296557147 302040994 721093424 199950572 640535378 150886079 773206686 372035843 595527457 943767018 441105428 610389206 585441032 567219568 617308356 990794633 604364915 596436098 602877799 553994256 272132647 206528288 171969877 127381239 517152145 18096163 397018154 357537213 156866443 788197932 316049023 241071203 71735235 824588046 90668202 544424067 771860355 322003746 632510738 570343156 937536864 267284089 768550956 905849768 788421191 605972039 895753422 172499577 281998094 918517118 418977470 163445177 892697723 476016735 661308360 500072787 430046079 247172727 253236757 68205899 262154181 41972330 518642152 706397003 656013462 75676399 233452039 526868642 445282873 168203804 348314415 316566938 505394106 665832844 847228883 82754238 213551585 248709996 367070123 594098205 167929726 715197067 667140164 278343517 445785844 330149253 193775683 572160559 24140755 283409670 560771120 550605573 208684391 197610862 77067314 774703339 14916305 730620159 930207333 893801669 541315836 552138637 171413859 739560010 34681948 82328384 305728760 491933801 368142354 679335341 174922206 699294768 796618912 971187673 441693848 184453348 818609087 714645324 598232740 680313113 600688296 823857698 925862910 807509697 393490996 859288426 264429691 812693220 816039911 435214556 280140084 622135341 325135075 402073345 94839631 871493532 846746980 573206418 523750877 473697729 533449758 887333476 735130079 842175168 291739515 866464306 947609992 253756968 495833003 299710594 769508709 654532925 502198611 976911251 209090419 321520024 969108299 938387645 362168344 800403467 98549058 204490213 246633356 655659631 986195571 673062110 911455414 754490942 609537972 469171396 370460413 929172883 13403872 800842610 268255422 745607493 333407869 252795296 978103129 521363109 112799326 913495693 683841014 712599388 965697444 13524466 917433665 36739580 937089195 270834698 989866666 384708315 457203689 735878626 123014166 382553125 979872475 147679839 750845539 724909742 234961793 117152157 272661408 768081254 482415584 220422601 951505633 67413658 731057314 883336535 702603929 860209402 215821030 17025729 995210608 248123557 17475464 149319605 292087217 53603839 698050238 790164796 398882141 773762836 294650362 427173764 118949130 485373141 356353667 652150080 572446212 459417393 919363819 976575042 350409350 718055435 915504939 780579509 649679930 460999682 678584514 379477387 737627658 620777231 612448489 308319509 294428821 335647081 867645698 865379014 297082934 380329909 885422331 288522170 43329006 258864626 588974376 973594618 716392972 623683688 966721063 319965450 280756029 491311950 38024678 137353060 602192103 733969878 392793525 138731848 457077874 537353882 486098279 709385254 807051960 671020239 608424573 65667585 525429956 545981055 749219424 599611184 455945897 781289215 583498998 351841711 39912298 843507633 988779761 817274887 835517029 828657409 591951943 904725137 961463110 861236892 605665113 919961905 413464180 359659842 198335691 832818617 995610955 90849550 493570134 104183384 717341723 627910447 56181049 492776536 660867173 174407591 148505580 239576790 320808075 157697987 637091166 444303882 43876361 834162035 54073069 54132897 951960958 306162231 509586797 384937005 356885727 719304892 878106071 607067658 471957327 513887836 990204410 472426168 819684541 287906715 640701675 819359449 89384803 522287572 231220786 255008565 409119816 949928117 242709590 546853007 459990567 327383720 678836171 551562595 525877564 884250656 890042699 520437371 182290551 722148577 218370978 997453965 307222011 293533411 888096414 634299032 531042947 65090412 834448584 875773257 957213181 699679544 442087288 24703109 906314550 518201767 246181050 543768528 470044920 467709413 117831155 614054914 214205953 415353574 564881559 50431117 766182376 681977130 996471353 593611136 323099811 708539795 376278057 920940330 558952404 561740350 474180041 462551971 588138735 32041243 537894339 400225998 49451968 422287761 225503724 758205556 86897512 362492253 419815112 76127428 582824944 724370816 881521209 511681640 383528611 900489025 358784038 340625380 559695783 11741913 932821807 725785439 551164042 527139641 238587936 449229545 616015996 235693756 674685975 587351590 486788688 594777806 793329703 88513440 245419946 414206326 827968765 338062470 765315592 179512553 565793246 762635593 61404989 953856508 163755369 682356269 514599360 639167331 741457004 36031500 783685168 531889164 271729596 882092356 728514635 772677787 306783141 476744181 359287552 592256182 534638559 189092753 57379938 25226760 232555387 124640688 888866666 982855874 388170214 106130496 478765151 428909570 413556108 326333717 247827543 490642128 992275684 671357228 964124290 770097409 701506498 141486795 48954287 862185621 827442277 60530071 917813625 970332231 767883833 97118005 555747688 426833698 103392274 580273620 818396952 935485993 107156974 933659266 94273473 449121183 785818858 173144156 132563352 110595989 19116902 550216233 787323330 930672194 206985899 181041210 910277321 822555906 312090774 814035855 98961830 352988259 843008677 19489900 304678357 258026455 468556027 785940391 689514941 126411316 176207052 532654287 104924928 615663815 352264233 898887003 61956739 70572418 871981784 974284247 189727781 240560587 280258173 83248848 115415081 663739578 73448552 936164034 286320729 798454598 128270110 776999717 668644851 526244503 371534110 793821636 83927839 592864235 760177749 289723270 340940139 377962866 848658738 323998277 419405320 162818004 287117341 776513716 347147476 964614630 954546598 891321397 978644839 390869968 478083661 653230516 331554217 142318334 433735437 405429678 711328860 46499647 616725980 339318000 506254249 556992483 902591275 553629780 178916397 562845897 886883911 835002771 619865001 883627105 794336535 92047261 151952362 193304324 270508457 52471006 697442266 243761068 938547048 562674466 740671389 199278484 675419724 784197410 28821156 941518426 311204587 198492460 853740070 461851084 187182892 704405227 855803176 636569881 610317503 338319896 470313012 244847747 823511429 829369965 512359507 498510951 864925833 145631043 693464914 628246397 644215763 372890685 815500020 572772829 81663857 503450611 172779282 424133301 777951800 874562973 443024416 758601070 681077626 75378230 804714159 873502317 726105779 876242932 228188996 319437614 762019919 746904230 995003016 670800025 997730929 684615354 622974364 863146557 678230509 62549508 553230741 282701471 418028396
2000
135754191 67483756
5298834 529778280
77204315 230211206
557153189 181808396
658858244 25086426
75755692 575848060
609938994 201332996
706821657 565672713
900636667 696687857
272466073 720709477
641583342 892726141
615306417 76920723
544491374 265130356
650979245 641730893
11085269 544294664
770094919 812207570
856615378 940214225
814406316 125077566
605328342 313831878
220128923 702699714
156328717 410524673
114212578 303675713
936929859 557445857
488673437 213902149
391313 389297083
962564194 596117675
788829776 550150821
119077251 408257667
68331081 564663080
103278953 571194096
154446763 425403688
261967929 57501562
369574594 796625860
220897780 224670770
773376182 988737617
947463951 364256993
406693397 956565252
524711341 148152814
498368707 238889051
700361418 33054608
909841387 864132912
760028230 971622126
296454159 812955718
806237569 638990814
763447092 933321079
198075053 664779030
894757925 734688602
568014721 347053195
990269089 16117086
605509180 466179739
134966842 871003635
789473693 377483811
167791961 244948178
905495281 360500624
631672701 686454256
156889711 517651914
719374181 48412960
440932664 23818401
499337208 455422966
893998085 740859162
836189391 86500336
932834593 728303936
670116300 192100905
874693664 561350328
888160439 127465538
192570755 994801383
581690100 638613200
607526308 944633877
583143105 818201468
601661456 894303164
749689001 2879057
305695605 623694567
147078590 36582886
621419684 384397183
196003314 446971563
250432494 743537335
330804375 188588033
22807022 457390437
762827985 412655135
323900549 178041391
645748386 3714180
411951416 341144312
581259415 503882555
405313653 424941486
306129721 326007895
238006547 294939971
53919428 229617654
47172154 970016008
192428665 714789996
18174322 256017681
516198182 218265155
830409840 241653050
524427881 800275605
141501180 348112476
804139033 319767949
769670431 291515702
370910568 384988852
262430709 943455835
488335748 854465153
107078459 486404524
619768418 870051775
390681168 650780542
146033756 22505174
636587058 979179246
320338456 336358365
298549633 916924192
556518047 280490812
616727391 609930486
237235831 806645646
365352000 372528493
603618050 869460463
489523088 574849040
616432492 324520605
759205647 826177818
13113862 984151486
401690381 609779950
840140321 660746270
827584434 716979822
675682862 679042206
24306185 46487862
577802915 460409724
254277530 155509938
519295728 395476226
595833291 547452756
131917413 533896280
200202431 477172636
179876265 388770962
123707926 615780276
109180445 921051066
635396357 624636121
898511658 335939257
242879502 393041078
839266349 306386333
88433570 197583150
554004837 453347539
722957226 834652868
294616707 245901888
143940334 657890673
821474502 120368107
27985952 329680219
594572115 707248634
95800554 822621331
604393651 264409823
316007101 233323701
297424984 648376510
614365130 168548223
379313785 444205812
553994819 877049250
128174072 868779288
7784071 92785373
646499876 488951657
190872563 334801949
634934601 57898983
174111771 684709232
472937962 531539137
485485515 760745336
640793789 338205296
224316649 564725210
922556326 672758534
851565697 292293845
187839494 49998679
254502824 622592364
385253211 563518398
286528878 254084648
697727337 630321429
513511564 485655329
916191385 586052959
624825069 116972117
440041816 811509434
144371032 318975080
130994848 640127599
328026067 457994472
518368825 800704373
650308908 122416442
98288729 187249485
761164108 614249206
321537983 753131269
683235158 70120395
750244129 117440937
146763211 267713870
322470574 476927619
278229664 792978179
546370344 666607681
676827546 228573233
968635446 35281017
170212330 500216490
825860150 267012103
86881059 794552974
175919196 165528944
798548693 294660798
797823725 317441965
633513856 141783541
720938717 571418326
544796839 103933103
991609592 632810380
809525017 792718588
212943039 804443027
878004396 839707732
608413361 353936480
587437857 863071785
19882051 241933218
923070319 157568658
535198026 601959577
263174260 18302135
54527706 511755876
547212864 468598052
80391798 748944635
623194420 237115642
759791418 759280820
101447613 124163818
766930303 471172353
826906146 94351291
610117864 953102521
774469278 191751214
674802631 481874370
26760807 297116310
682536098 6987138
909276230 914522633
400282122 457088327
360529195 237697314
580222989 264158894
960683098 287184626
973886900 783581343
500911649 172890117
500322842 936683942
486479795 381764346
273820945 54693662
446372600 482919509
988075419 817455125
6459792 175563352
382518829 504056475
301502283 243289772
256336207 605500340
943695871 81278716
969773573 284022751
149364575 340487376
179410198 963794492
383495684 900559321
221328007 551420814
169249017 633331489
525042013 864665294
406480052 84598909
860365619 593699458
704638920 484739965
110096984 342372267
648192834 325120975
195864796 881155389
645079438 984679053
837264553 118891309
532228392 833039116
904616301 307501918
541438300 88233652
3114337 327029798
439586678 893305890
597858167 56107344
19244209 465792845
153993403 617389782
233559050 962945868
240886687 985120657
383974633 691385753
88929297 301140523
40010943 399412332
507762402 232901384
992538195 978294638
771577322 30031774
152348847 572606067
822757840 301503137
499639845 394116199
637096027 262722602
311396955 183803856
751511904 598576460
423351740 314547884
108242137 436190060
364216493 487280308
490653720 539359814
859734834 279237982
557796941 508035669
469389012 364769408
29608322 120956405
880141080 26455791
380486077 251606741
74757620 464853521
435051113 738827209
63360848 527139954
496210643 497868332
66353198 497036574
535868655 147022465
258391240 390472060
185186044 138768484
991449113 205664084
999602746 100005
318913968 777080935
931968 413008467
473984879 745871212
206465245 373930532
798116261 808791681
816420368 655127429
6594071 700625486
154788210 203238421
244046620 871216402
337025425 176307633
709976964 665593954
232815593 123227357
679860071 550773101
666799712 554546005
979621492 394664909
202621742 45496080
245017278 670898130
410233560 823097082
173340688 955257557
900034906 483641913
155301808 497999504
830618440 40339011
458590993 811127033
151562826 365822587
970551542 451946191
211639186 961927801
841445785 514446223
930205332 359102441
125283820 675075557
876972075 69602658
313071366 910573465
653647889 863286127
142755179 850512959
555618739 624315249
113673699 890058179
586263847 626261316
196926742 520190133
787065714 711791027
832928793 401162800
771125702 380425669
343157344 28581847
848267258 723846267
669289700 115902166
606614820 753903313
931292374 417690163
677866637 671244870
615880831 82371075
426465612 199062226
892430830 458595733
473495322 432927627
779589531 231123746
927048969 881102471
859400923 613670091
652844450 374734740
846711841 698687034
482296892 479781668
618356191 782094482
481760868 965383203
448767670 245522179
672213481 56902620
720215313 981403803
270925755 305513237
491189849 222797993
85418724 330875186
96582095 884909956
242218504 74055227
279816540 694861274
130216824 608048131
725479226 359901946
40771852 809917696
592703234 462207320
784592568 649231091
986204145 789985281
588505358 295958422
295206738 680421438
952410238 953520863
739478609 299124870
520816474 689946879
64014187 44136778
1257672 137250278
91822146 926835156
734835750 761619005
550861632 357464934
62422544 510831078
816794578 985584975
251242842 844547050
83969663 807792671
852317338 896669712
501795632 791325086
114800004 876371374
221756567 260101875
769303326 828930324
459998990 96992214
732916847 487573022
579355574 821878982
8334200 28546893
648923440 352604486
238565587 819175441
764835709 860748890
77823703 974195790
515608024 552309955
364700840 919116719
884579914 789822249
15946490 398478079
171089348 700037361
953754802 628601542
116987656 843967437
685654519 441715940
618886229 70771510
129507782 135763780
188031865 647268363
214985512 701866324
14705547 756421146
437957782 240857408
166030265 214534728
307404552 516323502
299988927 663467314
982994997 886581415
391482058 409329639
494415354 667302978
3536276 778775207
233047743 101172057
207703958 479194718
971991271 957627539
575421812 119554593
938271631 736429527
742374448 183050979
289097515 100408272
542417027 787612560
950506049 439471060
580928789 605220445
122919148 413865384
389124140 470702690
22046983 380855154
907081504 611630033
613512101 836200866
640349234 938676143
257738584 346817891
63563901 334267584
977960920 993207237
282054489 220398407
912327180 788089237
996859877 100030
409159689 841768084
602322797 655805094
480063839 434425847
448261702 685795444
602734256 351733005
855628921 640731033
267562787 762399821
772425369 967813681
987916338 258504003
189164068 66711591
268531892 815208340
872106571 510244576
462982953 975478022
89408514 790438583
460796193 935493613
248632528 777497305
717917929 467628174
582912731 208659391
533059304 101545815
837511493 120231121
90973986 617150705
849595508 785266142
926523727 346504124
593624861 45084792
951515916 393525057
395055422 495926386
679073184 678997318
998930719 100015
87630863 656855021
163875610 152358069
559624405 332179753
427244365 545379445
723756478 221487365
752020892 72937260
115865856 992024977
359889192 284486825
649846418 155452668
925182052 79593801
92415987 635283899
949811248 423508154
101644692 871655197
575872967 746285872
617580778 755751523
68870359 558235054
982334334 567359990
9208066 632230446
864027398 829679897
785649728 50215187
627172081 945811776
139347773 750249118
963684802 43927534
412053117 957311705
445161419 795383131
465821705 973425261
531329735 287553947
457388656 628328417
358597092 731717625
600665074 737269010
719561608 41733557
890421988 15068222
253839293 251185184
782747579 102765347
567415379 840272286
861273286 940465352
545311503 600707230
354189248 535056527
37263441 19891186
745499163 262118927
45214654 247079862
561890244 407421095
492996985 91129097
678083795 12928650
638463210 294250974
695715249 228928989
225894360 368445041
879401938 608890675
978170314 588530328
270404350 665241524
206955753 644910203
170987596 933897121
549215460 151000023
70467035 304135832
754671416 573324235
462196092 764939666
127332146 154459723
899590556 481195003
410723961 148552617
868944337 742112605
465328538 290703823
740907789 272766143
443577838 10588749
301487954 362988645
931697992 259464130
818928331 453955881
746263312 122060613
568693676 160675807
224688932 768392703
939245406 767886046
415961336 677211050
523415958 774486444
459252928 664309346
447603156 494307045
117595461 991784750
506751250 234513302
1765797 265995686
920012480 314034197
773810939 638016043
438477334 182650045
288815261 61707865
706061333 473867019
105328391 942202993
453668660 868555335
590087923 848319994
250879955 178005610
999359287 100090
981355039 930769463
401181499 702568865
423895072 856326346
476832849 519905948
772541955 431329491
998110285 100080
309507232 677612098
38290107 992846338
92933757 269252631
373868561 736786766
477406583 692525219
868230074 54619391
241399496 22040308
381594360 321854189
188825715 269755366
12600763 700549424
630575916 997584463
51888010 448724069
392814132 158424861
453120935 848935668
642082264 808073206
140419206 569586374
505811340 548136609
694161366 831534501
974246073 18796422
97187025 901646586
527742060 80321095
193758629 785701187
903594956 195951194
210404047 226491108
65454633 772333513
517089461 51484135
182166485 747429108
326578197 242782817
431015511 308695556
538465095 851899475
444416721 577481724
711062975 190543870
252129713 231805656
478158012 912102714
90480945 83863496
386188424 414798192
100270363 80985772
858670599 8843550
126653170 290004867
884034799 435472012
436199420 820344576
508846551 64079676
663658512 713208054
420958002 434209785
333380823 601269379
989404342 544726243
315340719 683691086
449582025 77916269
686173769 567191691
944405653 492218619
111863469 783901377
331373776 86911082
145443051 721808788
463780895 937159267
112854192 62719460
790402001 654880992
942659363 679540601
712776329 817268077
317451663 772928905
968447749 218110023
93273079 360632110
715865226 271035849
527292975 584395873
978984006 36918842
455374803 793943533
826084005 106052857
429206307 710003107
883266132 824294342
136452884 693118690
591360322 15935568
560151223 886811388
817185029 341782251
792528852 5452736
307885272 895827773
290228304 159168357
24893987 350444055
667073146 774874081
436851776 440850171
120480766 568925171
451716286 932871953
799303172 663601306
701763242 78745889
574078182 61636204
326412144 692888053
168801590 376299190
659769146 993522209
558918231 261705476
204440415 607432960
576815687 682834875
177533269 442987539
886597582 4206412
450998513 211818108
21264989 566174442
914288999 629318958
399364836 411365539
961018317 374590669
341776498 206845761
503695695 442372487
829149118 608430787
643638217 644994404
189934301 711558595
137432222 918101121
122162675 928723762
362470989 615911806
604591320 343727944
275566569 76332068
334874657 144013004
172074152 356948563
629965630 293296782
481106680 306501602
222783647 907462829
733213926 349588627
705243713 423916692
304497662 404386122
195163412 721581336
61630394 369624212
948530295 589182735
182963019 338962777
35524821 432293146
540896763 863760703
622794599 5822618
186372727 187046861
995556745 100040
570758100 263070592
356443558 143069757
690183650 730390616
249321607 925747092
67381448 614831782
466381698 437680327
353590022 780862479
374993002 320936368
689875380 937560639
807754803 911047245
363508798 796168241
302870527 819746267
414517671 175343402
698814771 112429898
885446888 354575681
572678011 651655384
434842756 822015935
971256322 652758449
841918062 553010291
340103213 774270803
898146663 729323295
402862328 658477644
827251657 478689925
574902524 475776840
599369280 275606285
266487773 647490985
983402504 630843733
793246137 222611932
103686385 493650423
378973322 753397186
371423854 213363606
387115931 2031673
729987681 186540151
379525358 188220933
933635989 455168448
121778125 242382430
345035980 352341693
717218616 322249561
622021093 427779556
803261279 770136814
260547748 710469356
174700283 167835922
956705843 958891386
322530356 995234054
288151785 737923302
936344061 201626500
493080986 246253459
908042523 551656918
946507565 572786335
919506179 111539907
767781177 401633293
72902035 349264401
840790392 14150935
346654201 276686156
418783846 874548999
877248423 695812931
412738012 430930696
491585720 536279363
384677339 775770327
477778421 280331232
367060950 981922027
403296905 147736364
73727733 302426900
55121859 182495729
397470319 260749785
20984086 949750789
853195860 836763248
368463078 69100941
846086194 708567250
132277123 987985042
506262324 884579788
14039600 219949758
743811395 773332834
93712863 140844167
422420422 902889973
59790810 323790447
937682075 718933711
890708264 631198041
716720490 802202374
637849119 415720133
94253080 808983604
515066415 964634590
831106870 211402217
479409734 754340754
180514661 115677479
108794551 13378806
934703221 815760546
370039486 105558086
510785795 741347070
357741964 969426665
413664319 553921790
175119209 42764473
71973761 629877367
593477426 738442898
611426194 300428828
389553186 731553699
692540924 854714802
951152863 90703981
727728351 180251802
281110948 256766917
992095913 436837708
277652091 599436759
329405804 971298344
873769520 749335329
69639443 978661978
430369426 208218777
287729674 906473951
957702721 666022105
753040025 39343677
974962696 701318220
317812592 934652802
817780660 955923897
151290698 667643390
165208989 661795189
4894149 751739653
782437916 744730226
651736813 881965390
484170883 756790961
713575143 128327686
665491364 193890167
296832784 296435277
305083956 271586588
514515357 945987134
212109418 540548687
198914266 487966845
856071715 758119723
334380660 961741162
211465459 148962384
292586951 927994043
543363530 722404923
28508704 660361463
255282163 326972771
788310510 846662096
4286530 104620761
345553726 117974053
358306413 474805839
970317230 317457173
865195855 460355259
533598000 427105618
517510266 636526386
84403543 461738468
783621957 892432606
997325406 100070
79923450 771671983
336012311 604185230
538627060 348030334
910925882 998845965
584127658 411040155
628877311 832334373
372687412 779142190
168118607 541985319
843461874 650425269
510203797 582976369
237722116 923191871
552832052 594122022
194712520 875397136
800676593 929084288
918149957 424655290
765247935 351406856
761919941 839114361
178591023 106454173
432371298 534167647
833075887 622261829
940672297 468204600
655213194 22997008
52660095 9155207
854748944 277313191
754320799 50820435
357353527 52560196
802808447 733772481
42231489 66628052
59418866 162324173
173547441 522966769
590951777 821420075
539574272 11076632
806728382 517045825
282527693 727288741
315603330 659529788
259582694 491169459
17387819 515270800
340737929 980544561
776729431 189684539
32995922 47031766
775896164 9528608
373003885 129983156
758786853 566695159
913842108 646446620
566284238 651064409
429551924 24417124
308293117 713651170
594314564 197015622
808297901 559537897
915700928 256679348
37682783 827512875
106101948 193269331
833959654 814873612
102542614 59907564
118222039 95135668
451321339 221116412
529722361 417799354
408577507 471506798
372216915 472861980
120729252 676322932
703180493 820846914
356824226 316530622
324811462 29493182
498581075 35863798
411484709 865749138
540036269 938008689
791704674 277633800
927901426 361614536
306556001 522074470
757514076 56241057
150079931 353314192
606252541 112071910
566711358 130854955
965980245 434975944
976976387 846307445
100881355 648663176
567870396 493243928
241694491 472413196
658050147 168261519
186884949 553378307
284487869 252619948
887145915 562681140
983707458 59225627
522727227 179543019
126331989 58188113
585790384 402448371
327610608 392513707
687889278 217523576
133076875 796903073
419357272 950989593
350461739 406756299
863964609 661365115
428369389 723536898
287486640 45783257
612329360 668426588
908770715 900795483
252767698 484030518
78648705 350735426
548674254 98235875
314173882 368871969
625080060 733039923
518707811 499112035
176199209 312647320
578975901 825974944
76801307 580570844
10923286 969065508
247763396 162906478
812334859 39107581
591635564 891998586
866024976 133194386
704365460 977731972
631074419 142479640
335491405 694184288
33554666 113733126
375152427 337521158
496765294 880282578
421225735 760950621
487769868 597127814
28048909 979833775
894359557 941214393
821685401 373563701
779333719 512388198
442224972 816047070
792119899 265352342
449304852 462573060
109648755 728691114
318367611 714333340
786688035 215725387
755632771 103513496
265980021 400425875
43417095 226911218
811887559 977381625
809341205 535715629
767312055 171924988
743204387 853750391
918608649 170326278
940138965 577047181
823684631 219030641
796675784 908045447
747639868 96412019
667510360 627779408
950400983 936303680
61239176 498707979
299301488 409940849
596470436 199475025
814794319 74560369
624250607 768850295
520391622 389788359
53360366 586483608
522454551 49188422
70710127 994325697
871302629 592707391
104565207 174460525
461859583 248288190
911949369 511442892
129008415 687936609
598948215 116651287
876388566 833970886
303203656 944325012
777457974 782481658
611914322 125955247
656443835 905163402
530868086 20878628
758186568 742609255
897160148 783302792
236901095 16882967
140625071 618834756
236440043 824937825
226896327 12423909
701210675 196094264
361586117 348805034
795029660 635554164
104492685 568156016
834936902 542509568
421864164 727107112
569300328 770520597
208831472 381604363
34358009 47582934
163092314 223650967
721305850 405471833
87426400 948112510
525954363 704881573
922147700 422238803
676384820 446451608
207317338 379689693
875189222 533557213
197460501 730091266
572082038 190573446
941045770 318403402
159013915 662459685
526748171 355508003
928849055 170784080
425924144 163800963
901501987 228144955
763784346 619396320
709446040 725659885
692354123 914856589
620614233 368066749
511889428 828402788
945733764 705258108
882915698 330192525
376901420 996017067
989513618 590770994
396909129 166979727
664821812 134941141
955222576 813507330
338527990 678458160
847297368 691695967
352298428 867076811
338022289 779921082
275173852 304604627
565270441 140178369
895441640 560619560
626527501 932350178
30755722 593111434
550009044 315434328
232097413 683529494
382465936 916606993
678707767 539727940
223980545 878814941
283045938 750694616
368729151 419263404
329741459 391460524
741204037 920244212
11794743 926490418
897642401 496981518
565550045 784810228
339046840 181002327
852669423 71579779
768967655 173834696
463474896 948912761
23792905 756222197
896302704 887585870
850626512 42217433
134324858 662829582
741738569 912375770
441954463 902532317
158799300 204443235
185690134 986189069
139554389 754806958
941748761 673160861
365569733 343193576
899403145 496099298
110806999 857089419
996354135 100060
529263020 467002123
584658891 139245616
563700454 344623287
975542642 482095866
731040241 642297171
917982951 952438325
128720761 959573923
793814967 406200845
614619602 275987874
712134350 354096162
111270360 712689016
801481076 266400375
556186823 150398009
444525576 92444044
824163813 164705605
199071047 855169888
142041839 739546737
935986542 505135780
542973873 555777576
159671403 840811344
332030957 480586794
596870028 689425798
95021199 897445733
8602914 395726151
601372951 771910427
485773904 99191237
959899487 851537572
820895857 136308735
164513611 139809027
665651966 65875930
162891109 33358894
928312590 913903235
136622712 113037941
86428551 19244615
394513818 561050223
997573506 100020
261112180 610409418
914707793 272264693
497445168 430586272
805374925 273577032
832225010 946638542
181266117 499843958
280944595 929401592
493535767 733475354
573893639 920724679
930965192 426715661
471404264 611934781
702328803 837691943
582197669 698263625
888556829 125492856
551715660 141278656
547961353 921727116
555204985 415913011
620476194 492859545
600270904 555486811
392037083 874062839
377411960 900103090
160349022 309375307
2085880 161467528
889807322 186022899
243136405 791897127
757476921 501108460
268441036 935077885
234644429 401862154
81312337 200524777
718998985 289598066
259408440 850742447
486941059 941636618
480646878 25591258
10355843 137691971
264852574 263565475
979409924 131479465
681057590 976449110
316565733 865565288
980317741 283201523
738985609 146566988
621570584 852640948
685174007 489840294
553411783 856639428
836901445 827021879
457916905 684052952
148346791 830150646
680104301 405012920
929908530 879893707
659003444 735996948
641274039 370901385
422877753 109168646
945268441 287967245
267075925 966067217
400957727 451409420
137963127 365564612
985827250 549452023
203468367 102282062
938979869 230127506
895738323 987587232
917070656 845348999
348224627 397669968
351304889 145664645
302466079 473354589
881178053 390673868
873164931 816901526
660059155 556302494
165797596 17169175
815116772 438220336
376049937 459392883
929268574 643007612
273153051 210563320
911234608 76031565
319057234 249028381
323267119 675826260
274775945 776167468
742828209 698012696
492027040 997427529
812636320 603298225
230243063 225548537
303512916 94250904
751205163 110704867
31826205 207238002
910029979 255463212
321004534 447435941
807083866 133509672
395751297 982786020
734325007 601359198
97771643 875663860
695325735 286707716
649486378 837093245
697404385 686763385
902040552 202854538
354830088 653135118
454196034 972519333
627584508 216241964
504045715 712547296
183843803 331124904
231645781 999408475
48657239 376934316
131378788 831115479
519806437 274456940
509081671 546894164
434288534 23294776
187183481 398807398
851281678 369503563
260473268 385538934
949461181 646181690
337967173 387937965
839664238 685147045
858436906 169013740
204747032 299708435
35035522 688395053
707009282 970421555
866629033 751194566
736681273 121802441
226303061 942860798
413105381 62562433
158447079 383666778
636499782 367447377
723396169 616413268
802245856 433498956
661124682 995565438
36328651 237718928
800323603 870227431
308558587 962769045
474423318 859249994
916795074 986567687
924377533 530842083
562725558 327493646
483885141 259214704
534754466 791622749
907850810 972283323
781251913 890481535
834067405 403695707
972263652 763895803
58481860 758733452
896563488 318782513
561199116 192620452
903044962 690504771
509908611 72133136
710189591 834292410
860919413 232443857
162225261 573844424
867001825 963929479
736254676 321312331
703887850 916073653
276162050 476227693
349697086 485077251
708500597 336667367
234482156 132144071
981965478 798674506
881758338 282503315
690637688 465246249
333878818 358817162
662278701 428703218
148959752 27336145
639845550 95641721
197791683 375147400
660506031 912757573
820290618 420478046
683722085 63642000
699490195 829379646
172585349 316024390
609188346 490440209
487157135 898059702
848750024 87406449
257461285 30912861
52023151 378438368
563456955 278533111
290597022 7758038
747339986 333918958
921445854 463215614
194250646 194128268
696590512 877876040
397538646 706953156
984698474 53213525
867658236 31936683
762344730 917338231
875864038 799174249
663491690 538991420
592090425 181513294
426793767 532540355
921864736 285327876
489437437 789202347
396022243 886061251
312317886 735184893
654714315 386680023
869221833 184633935
577466114 585349606
994304588 643544220
344009357 830927044
942126816 40854874
91266060 991380238
744358019 982409095
961830864 825261238
73391158 310127832
85750318 595659674
311914401 625622836
50865260 533075852
644127943 440224352
25143305 998180736
558262966 897011483
46470184 146244722
470752354 363546485
552012510 247313706
166565372 939791928
934313088 838342518
441154911 617945377
36786463 456367219
251896010 615026619
394393490 24962591
248359775 244220361
721556832 85227410
511338597 726247612
619432141 859769670
495827567 579662998
83044317 286338635
210818128 909547624
228485688 372784460
16303240 931738018
415077845 268199639
398293630 214694793
33132198 748318500
646920902 548960636
25531506 739733534
906544448 475038507
427720401 205326791
672528148 507217908
541662239 137950969
490432926 108682644
874421521 315936289
805587545 674204619
177478063 157305295
349323431 55233964
138668199 461069332
351908359 967129125
348720795 75010276
219852322 440557830
215673881 328169479
346431919 70611916
521767939 947191363
775003756 198512352
973100787 274932440
113122091 806386596
244643574 802561664
276871658 136775315
883960506 728096880
385500250 518582804
439434543 549701011
986659514 252113898
691625029 654264876
889436797 810097814
138227128 85459335
443315126 53773561
674404028 366906656
967289835 810794785
178481451 786286147
362540906 452578699
756126296 52999849
153404687 537400205
347636242 606784521
502900931 158525675
828155022 420107179
718042650 206172168
285145053 717660558
957231258 282106542
776477294 178663422
801723740 569727078
744522994 849093984
870771648 841453454
842742045 557113956
26178700 687242943
528553794 100165919
713326726 680718712
516813156 576684644
310696140 578110458
578444526 670341058
560687315 581614413
700549213 203680119
217418607 710875457
49539461 209958904
505095961 965706256
691138940 913536562
738075492 118471752
424630618 641016823
342498512 845553777
958356494 288524230
891218706 867333680
583967775 568271353
215475112 873547601
48097572 767745695
913228188 561839520
902717180 280865208
216319983 311020303
286375232 634881913
904225257 107688401
80987381 893728512
546736958 253332727
271959443 414687465
966610699 590600920
300588670 225739075
64845474 371320859
89524685 659212384
419933812 909936944
724381015 89200808
167150008 656318971
549907825 260981863
98965079 767249761
386646712 688707581
815813942 134643684
213453551 366143455
673344026 795582414
199523664 320079014
625522242 961048833
984317553 429982795
247257919 11887374
857457985 531803652
926179055 396267817
864634302 960804531
686824843 898827433
638808969 64719775
946415982 955580863
350708528 308226044
953098468 583250640
731893058 450629467
164370144 416544196
99455092 298295324
828943760 502277763
44593372 947828458
169697979 771225201
51174165 513431978
50263629 235943613
118593737 103047316
125991058 908565780
635761190 445965951
263765094 403757423
501262571 500685166
662775999 310792887
219061127 950803835
13788742 506825276
225496036 80122648
262729773 861222138
653041979 293614173
471964732 436623206
284777261 514739135
783397909 517356964
430583219 132814770
766283280 703348580
433291176 313275092
681680742 891400582
693649331 906816813
416569866 548435762
38804229 503135569
214496643 255023336
67516099 987053274
23382122 283805564
246816706 744207967
495173421 382937628
696482875 38125007
634313343 594693576
335807395 194827813
203594354 37290593
512106764 578938587
312722868 159910545
687393221 762007824
353460870 911618971
405641373 747208071
710759238 855704968
201670796 844223417
513400193 411863979
209754033 302149774
319575538 999509396
765547402 966594490
133769857 502646803
607176098 895524369
428627462 982951928
295725381 535221354
862041008 958641691
456917245 83037529
384251637 418358133
450289686 91461201
39420558 150944740
145691685 383345121
526191405 882150575
948195737 490860015
823318571 185267002
708331510 187725972
293616680 909088898
818187824 451263511
955965278 65503365
548236671 250431805
205117729 6453721
808822489 143451316
331672488 73482747
865678237 954478767
781771702 623290739
144559113 130928322
656758037 166337847
626378105 455872312
274485654 419062743
748930698 504633303
425393863 581010543
647732237 382260066
536762532 657113273
682107469 202400812
27083197 231503575
475797042 97553063
249665682 184476611
862698904 257297053
470098892 681278311
847721877 235118255
116483125 980440303
115154443 153931664
404616923 826484880
803667939 801422538
57938809 927499818
106509535 558848808
570315631 620857833
181715098 847515220
124862855 371640351
123254284 596580298
265287593 486854066
269391954 177257120
468736610 973357320
882456245 923411093
670802507 362456663
644773371 704165579
343536275 529404822
562432804 49130279
629311290 20363995
657870997 403009371
79376759 572128130
209375417 156207079
366153566 989582238
993027169 537005813
705719021 922116591
15274083 278021572
184958624 43504921
371932030 758926740
391870318 61004412
213975704 642503166
56195419 379630936
787601205 333051445
958579926 904054040
651472831 32579680
420442234 406394636
107626362 590107910
446940894 967922933
149861353 543655064
954294616 990502287
855247040 443429828
2984395 691027968
698233154 428145293
147606574 445488781
811216898 528725851
41246186 523261865
963296105 835305805
735130575 888766418
279288570 68214458
152908307 724520705
804974869 887979314
297905741 521806268
688467227 983859571
543664599 707725597
398561051 605905886
417010581 587582856
171737853 399919623
879705057 652098951
20203708 669166369
200985809 332584726
205563348 105089108
943374067 924241868
935135620 270453361
359102461 494970153
416184579 469662815
694671471 763281887
361335270 719697426
99620350 697135313
871614839 93747462
825276011 814212497
822410639 842270447
599641942 857774624
675226999 379045369
872843540 704060103
972518484 554827112
330208894 52058517
967765374 312425691
726473333 298451284
730524195 929899594
352819497 786607773
191737023 586925489
589019570 732485510
588113978 530480459
845072909 156912288
671001679 527684000
571577514 224404705
962419605 958244630
31175894 432492225
325470918 142118947
843620864 562829096
105795519 715455415
253469488 356056997
749351614 634170025
475418604 578539102
785465980 805111187
367758431 898240113
965028425 592038094
780646439 340670274
476231835 223704933
409939581 324455960
32419108 179423751
478981426 477888169
768304585 538160992
730324275 776521507
794139765 518447966
42875239 129580510
813620080 240450288
684030929 989171911
680566782 478084968
668895081 59023334
654468717 858287856
34848253 39964421
393787972 10163600
432961692 397830353
728167366 189272072
844605527 305095670
746637282 570452944
791180570 370558549
632476740 742890212
990590554 537841160
799595140 26749599
545588385 598948193
585305443 445159223
60788848 41278800
7451096 604713679
789822916 915468498
537052158 709225157
797474524 996874690
402201119 408119084
870169606 339167431
608987012 823570336
245682691 325781316
121087942 96067821
975273691 904345142
853855131 669897358
554831676 779447731
127691204 717462400
732293627 300366959
246300551 358177104
119924518 818952408
43651307 114415032
725711361 335210452
735688795 607228682
508177529 444444731
753541658 491798338
183365623 708957921
240480969 249797854
750753027 72673998
733612532 745032305
726570747 21488228
269864321 541161856
160615936 77621810
84708453 413476643
393424388 805843760
230649333 636104993
919086970 901905036
65784348 564165307
571202668 951922453
959448911 396745897
320558197 832745967
784305595 212423612
407982461 639461999
227370195 463570995
112400125 842628691
325719044 171154555
579808231 975289915
49015195 386107600
360353324 780372760
514264920 653806314
835014141 990132342
377687367 922327084
455765184 82149740
445535124 878570762
266504361 331913442
892802231 748064135
124130325 7136300
191433065 109559781
628211377 295636613
201131193 801044709
532618109 867728208
939613562 866237379
854427265 858870949
915108607 233915470
673988887 872164054
810072646 766165267
390071103 546236048
755002683 513938389
886389545 542641711
461490556 236257186
796082589 611056514
912970188 291010139
849292978 386317073
378277497 454693182
431868253 311467462
355668136 285499414
893162546 239643082
925547549 582418523
69264884 633696463
534190488 905634643
794982555 644175567
835610921 597385183
227978315 720508063
74498676 740235846
891829150 468926911
612916314 144682313
632605844 4941856
944846073 624966730
281679860 153107728
447314955 292713852
469973597 520671207
467309326 509298263
655953312 128915877
56775228 14624165
980569161 557801505
280337124 109876759
407433562 715973883
652249663 422618701
960012833 888288040
424350206 421129041
778856526 126746976
737307117 387329258
880609883 673839236
229258034 201079981
239395599 889501672
202221361 289224681
752642908 525290922
780274757 882865039
81887885 408831098
29335966 169884568
291560015 637611286
437080098 672259633
539458663 799585663
504958264 98446406
790784044 579764517
688713530 526310391
332875300 730944007
16756789 210741128
877979338 78716024
502312408 745436609
54054092 391841486
813278105 807331959
324254475 483203984
722426646 612596954
976340050 843366752
272533836 449467234
484858038 161705256
829690654 894889668
714289604 627061184
715203089 525921243
208257359 17845322
141087524 906131312
150913803 174687586
576422245 67809458
523678767 583915640
507276423 524862347
258989316 515890854
861978139 75596436
418379460 725148145
161485873 199767778
388415061 31232371
157444549 470197760
21775207 89552283
857642625 448328726
336718587 716319593
664264197 718651939
18932124 128568175
218976630 239743230
277303282 191102615
760776000 757382442
613181648 449171368
218464792 309749012
57285443 948826251
256571810 307066237
699960022 501722414
291320321 247896860
966277164 244430004
933252154 885289872
512587556 254591030
569740268 853372515
954942370 107200652
239963006 88374221
764439266 524296788
850175576 696472723
58822006 626449833
235342176 216998186
623586128 235271126
408135242 645530918
639441590 778153953
293348826 34260674
78424789 489130050
45525192 931274503
228862239 960196140
132901213 167291602
82640633 212812645
442845124 903257007
467548904 797696594
304939061 151906892
380929901 528232167
438888637 581753758
729428036 209383857
9579560 124485599
347104913 584758982
313667586 204792747
711550447 377667322
598048440 620320751
964135896 523932148
987347382 574565039
375942705 47812235
924646839 361512126
770850294 3332533
75412735 429596044
328593823 249604344
551334998 154214102
617325316 83258173
454682368 847770981
838884640 421667351
452774758 342541408
452080148 322743142
283687552 658215129
937095268 363663463
216936713 976174018
294067848 682372870
60271781 165397180
714874868 797963409
603339798 591346620
824962532 160057235
180067502 812916251
740136653 425836153
309452971 149795962
464608822 706320028
135133486 899568760
388977500 474096112
739985727 173488263
521184719 924739009
366591647 521375047
264157279 438857064
17907242 238599279
143152958 495152889
671563813 760082300
292173925 838807473
433752164 274232074
589902668 803069775
193296392 637014688
435818071 526596815
610505209 507696980
647482982 164101542
777542320 27781285
466819149 676647502
977409338 674968336
300387810 394687731
157927857 115270802
684550952 114336780
387818199 763496924
531604175 953968775
831838844 849611533
564136139 345851738
737716207 268305130
399984839 751988220
464097872 422938369
786483485 765653676
838455801 968807733
819004429 939247341
363017748 123501099
689159744 862178434
94713437 357944172
66728075 453402966
96466983 872898169
374299399 195095739
668294701 197765530
985232655 356218423
184199124 35059521
528120138 344315578
661812658 13611672
456139607 108064535
472047963 258044537
844246406 438620654
932040494 945248722
39657950 560119368
44474846 766420837
414416681 693818625
190141166 599887732
993802683 279729956
47649843 575610218
497826458 99538768
536302879 540798627
176748606 512911379
468065409 681717899
30274429 464191677
810752407 924924502
745950133 508574318
339606261 215488959
341171946 505566515
586710938 804149081
231127035 769350886
41534616 752710517
381431203 621471711
707958880 270214566
46777320 92200473
62559205 621243561
885547946 612937207
595454259 172064805
994877658 480305177
458315898 134390153
289676709 974529720
403726580 227578830
479965822 919722122
5659737 345173605
161606079 339725955
842445265 545761083
964741796 375733386
923641880 861826830
952567369 509684966
344769553 668866246
778278545 252754350
677390384 793557064
243792327 416936790
666259782 8396642
503427271 781774422
255855887 879498925
863414828 803740825
235563252 459200199
12247280 428889560
727428840 949958571
285735792 835663508
643033490 942628298
369441556 649448724
947668500 631452114
724823878 951776886
878724431 890938254
76086721 152619666
630374712 219440998
702598538 764754242
314992773 442205393
748434452 272926625
642605969 111223570
728652970 852536504
901360335 926274850
657473868 918732634
537601397 874653606
597294191 127218927
82111965 388524049
482881016 699220739
460037100 932265047
355461891 723135774
55530438 695175321
956474146 64558894
72098300 221947214
483004834 207666795
310127885 788405268
920523812 883253516
716177592 587970762
278772248 323453473
887615944 884120912
969343869 176752821
102189424 303042502
819662165 337452319
530222041 466760568
417671643 519501794
693030336 145025032
155530392 328829989
474651437 543460083
222361449 706107112
298243875 37728342
573493879 671659685
327316469 329024881
906416357 860216257
995016064 100050
988903084 450193864
669980782 30490373
564662390 618997188
845907639 602554688
229731416 594944226
756629485 86022214
342966685 589663740
795636128 281642403
494801819 506255275
633022731 33986940
869893149 297631948
559474998 877296588
404201901 725874151
217574717 90168696
905714815 163103977
587939556 735375511
271000361 603490376
117276159 719429512
71399113 787307576
774819961 60384987
223389372 598088737
