100
86 63
1 2 3 4 5 6 7 8 9 10 11 12 13 14 15 16 17 18 19 20 21 22 23 24 25 26 27 28 29 30 31 32 33 34 35 36 37 38 39 40 41 42 43 44 45 46 47 48 49 50 51 52 53 54 55 56 57 58 59 60 61 62 63 64 65 66 67 68 69 70 71 72 73 74 75 76 77 78 79 80 81 82 83 84 85 86 
1 4 3 16 5 6 44 57 29 10 34 75 14 17 8 74 37 24 81 20 76 49 23 50 25 26 46 47 31 28 72 32 33 59 35 36 19 86 11 65 66 73 43 7 45 85 2 56 27 15 18 55 39 78 82 60 21 13 40 69 61 62 71 64 38 9 42 68 77 70 63 53 51 52 12 41 48 54 79 80 58 67 83 84 30 22 
78 71
1 2 3 4 5 6 7 8 9 10 11 12 13 14 15 16 17 18 19 20 21 22 23 24 25 26 27 28 29 30 31 32 33 34 35 36 37 38 39 40 41 42 43 44 45 46 47 48 49 50 51 52 53 54 55 56 57 58 59 60 61 62 63 64 65 66 67 68 69 70 71 72 73 74 75 76 77 78 
43 73 29 76 30 14 35 64 68 4 61 63 17 69 25 52 70 54 27 41 3 65 36 60 71 5 33 9 45 24 50 37 6 10 21 22 62 58 57 40 26 1 7 31 38 42 67 23 11 15 32 56 75 34 55 19 46 12 74 49 44 77 28 59 13 20 2 8 39 47 72 18 66 16 51 53 48 78 
20 68
1 2 3 4 5 6 7 8 9 10 11 12 13 14 15 16 17 18 19 20 
18 5 16 3 4 9 1 19 2 8 13 12 10 15 11 17 6 7 14 20 
86 87
1 2 3 4 5 6 7 8 9 10 11 12 13 14 15 16 17 18 19 20 21 22 23 24 25 26 27 28 29 30 31 32 33 34 35 36 37 38 39 40 41 42 43 44 45 46 47 48 49 50 51 52 53 54 55 56 57 58 59 60 61 62 63 64 65 66 67 68 69 70 71 72 73 74 75 76 77 78 79 80 81 82 83 84 85 86 
11 16 23 10 64 46 71 21 41 35 1 59 31 68 30 28 2 42 62 51 17 22 73 19 85 38 27 75 6 32 69 9 20 14 24 55 52 54 15 25 4 36 49 26 60 76 33 8 83 50 5 18 77 12 37 56 61 58 80 39 82 40 7 79 48 43 67 84 29 70 53 72 44 74 63 34 57 78 13 45 81 3 65 47 66 86 
80 12
1 2 3 4 5 6 7 8 9 10 11 12 13 14 15 16 17 18 19 20 21 22 23 24 25 26 27 28 29 30 31 32 33 34 35 36 37 38 39 40 41 42 43 44 45 46 47 48 49 50 51 52 53 54 55 56 57 58 59 60 61 62 63 64 65 66 67 68 69 70 71 72 73 74 75 76 77 78 79 80 
1 2 6 4 69 3 7 8 9 10 11 54 40 14 15 16 17 18 19 20 21 22 23 24 25 26 27 13 29 77 41 32 33 34 35 66 5 38 39 28 31 42 43 44 45 46 47 48 71 50 51 52 53 12 55 56 57 58 59 60 61 62 63 64 65 36 67 74 37 70 49 72 73 68 75 76 30 78 79 80 
66 22
1 2 3 4 5 6 7 8 9 10 11 12 13 14 15 16 17 18 19 20 21 22 23 24 25 26 27 28 29 30 31 32 33 34 35 36 37 38 39 40 41 42 43 44 45 46 47 48 49 50 51 52 53 54 55 56 57 58 59 60 61 62 63 64 65 66 
40 8 9 28 29 18 65 62 32 3 15 52 53 16 66 21 2 25 34 50 13 64 31 54 44 26 43 24 4 60 35 23 42 63 45 17 12 49 58 36 46 7 6 47 27 51 39 48 56 37 38 5 61 55 11 10 1 59 19 14 30 22 41 20 33 57 
25 21
1 2 3 4 5 6 7 8 9 10 11 12 13 14 15 16 17 18 19 20 21 22 23 24 25 
7 11 4 2 12 17 1 5 20 10 21 23 3 22 8 16 6 18 19 24 14 9 13 15 25 
74 81
1 2 3 4 5 6 7 8 9 10 11 12 13 14 15 16 17 18 19 20 21 22 23 24 25 26 27 28 29 30 31 32 33 34 35 36 37 38 39 40 41 42 43 44 45 46 47 48 49 50 51 52 53 54 55 56 57 58 59 60 61 62 63 64 65 66 67 68 69 70 71 72 73 74 
60 40 3 8 64 38 16 23 22 34 11 12 39 51 36 1 48 71 50 31 46 42 32 45 25 26 41 57 29 30 7 15 62 19 6 58 37 52 2 20 43 73 33 24 72 53 13 68 49 61 69 35 47 44 55 28 70 5 59 10 21 65 56 54 18 63 67 66 4 9 14 27 17 74 
79 95
1 2 3 4 5 6 7 8 9 10 11 12 13 14 15 16 17 18 19 20 21 22 23 24 25 26 27 28 29 30 31 32 33 34 35 36 37 38 39 40 41 42 43 44 45 46 47 48 49 50 51 52 53 54 55 56 57 58 59 60 61 62 63 64 65 66 67 68 69 70 71 72 73 74 75 76 77 78 79 
39 18 78 40 23 54 28 57 31 16 26 8 27 21 56 46 59 34 1 44 41 38 9 52 2 45 42 67 71 10 48 55 30 74 24 58 12 79 60 65 7 22 73 25 36 76 5 51 68 47 50 14 29 3 32 63 75 20 62 37 13 69 35 77 72 49 4 11 19 17 61 33 66 6 64 70 15 43 53 
87 41
1 2 3 4 5 6 7 8 9 10 11 12 13 14 15 16 17 18 19 20 21 22 23 24 25 26 27 28 29 30 31 32 33 34 35 36 37 38 39 40 41 42 43 44 45 46 47 48 49 50 51 52 53 54 55 56 57 58 59 60 61 62 63 64 65 66 67 68 69 70 71 72 73 74 75 76 77 78 79 80 81 82 83 84 85 86 87 
1 2 3 4 70 78 7 69 9 61 8 12 28 14 15 16 65 18 27 81 21 19 60 24 25 31 35 67 43 63 6 32 13 85 71 36 87 64 39 75 77 42 29 58 30 46 47 86 48 50 51 52 26 54 55 53 37 40 59 11 17 62 45 38 22 84 10 57 23 5 49 72 73 74 68 76 41 56 79 80 20 82 83 66 34 33 44 
70 73
1 2 3 4 5 6 7 8 9 10 11 12 13 14 15 16 17 18 19 20 21 22 23 24 25 26 27 28 29 30 31 32 33 34 35 36 37 38 39 40 41 42 43 44 45 46 47 48 49 50 51 52 53 54 55 56 57 58 59 60 61 62 63 64 65 66 67 68 69 70 
13 30 43 12 15 64 7 38 32 19 68 67 16 26 41 11 17 70 47 36 21 22 23 8 33 62 66 63 53 2 28 50 44 34 35 25 40 45 54 57 31 52 1 14 24 46 3 61 55 10 4 9 27 51 49 58 37 60 20 29 6 69 18 42 59 39 5 56 48 65 
7 74
1 2 3 4 5 6 7 
7 6 4 1 2 3 5 
61 100
1 2 3 4 5 6 7 8 9 10 11 12 13 14 15 16 17 18 19 20 21 22 23 24 25 26 27 28 29 30 31 32 33 34 35 36 37 38 39 40 41 42 43 44 45 46 47 48 49 50 51 52 53 54 55 56 57 58 59 60 61 
11 38 54 4 35 23 2 51 32 33 44 8 37 14 9 39 46 57 59 21 49 1 24 47 25 36 22 28 12 45 13 6 10 5 18 52 55 53 3 40 48 43 60 26 34 30 61 17 50 31 20 15 7 16 56 41 29 58 27 42 19 
42 43
1 2 3 4 5 6 7 8 9 10 11 12 13 14 15 16 17 18 19 20 21 22 23 24 25 26 27 28 29 30 31 32 33 34 35 36 37 38 39 40 41 42 
21 18 12 4 6 27 14 30 2 10 11 8 16 9 17 13 24 39 34 37 5 22 40 20 28 23 1 3 32 36 15 31 25 41 29 42 26 38 33 35 7 19 
19 30
1 2 3 4 5 6 7 8 9 10 11 12 13 14 15 16 17 18 19 
11 14 19 10 16 12 15 17 8 3 13 9 4 6 2 5 18 7 1 
32 31
1 2 3 4 5 6 7 8 9 10 11 12 13 14 15 16 17 18 19 20 21 22 23 24 25 26 27 28 29 30 31 32 
1 10 25 22 28 30 26 21 17 16 18 23 12 9 2 5 11 19 14 8 7 15 29 24 4 6 27 31 3 20 13 32 
67 83
1 2 3 4 5 6 7 8 9 10 11 12 13 14 15 16 17 18 19 20 21 22 23 24 25 26 27 28 29 30 31 32 33 34 35 36 37 38 39 40 41 42 43 44 45 46 47 48 49 50 51 52 53 54 55 56 57 58 59 60 61 62 63 64 65 66 67 
41 58 13 51 9 37 67 26 15 45 50 27 65 25 16 3 64 1 14 30 22 7 2 44 18 46 10 33 21 36 32 47 28 8 4 6 39 19 29 34 53 24 48 63 20 61 42 5 49 12 35 31 57 43 52 38 23 11 60 56 66 62 55 17 54 40 59 
30 58
1 2 3 4 5 6 7 8 9 10 11 12 13 14 15 16 17 18 19 20 21 22 23 24 25 26 27 28 29 30 
17 13 24 22 28 12 10 8 25 3 19 15 26 7 11 4 23 18 20 21 2 9 27 1 16 29 5 14 6 30 
61 91
1 2 3 4 5 6 7 8 9 10 11 12 13 14 15 16 17 18 19 20 21 22 23 24 25 26 27 28 29 30 31 32 33 34 35 36 37 38 39 40 41 42 43 44 45 46 47 48 49 50 51 52 53 54 55 56 57 58 59 60 61 
57 54 29 40 26 2 51 61 15 17 52 12 13 55 38 45 28 42 22 60 56 33 36 24 18 23 16 53 48 32 19 5 11 34 35 21 50 31 20 4 27 9 43 49 10 37 47 3 14 7 39 46 44 6 30 8 1 58 25 59 41 
47 10
1 2 3 4 5 6 7 8 9 10 11 12 13 14 15 16 17 18 19 20 21 22 23 24 25 26 27 28 29 30 31 32 33 34 35 36 37 38 39 40 41 42 43 44 45 46 47 
9 17 19 25 14 47 30 6 16 4 42 1 36 24 5 20 46 18 11 35 21 41 8 27 43 40 34 3 29 38 12 2 28 15 10 13 32 23 31 44 39 22 33 26 37 45 7 
35 11
1 2 3 4 5 6 7 8 9 10 11 12 13 14 15 16 17 18 19 20 21 22 23 24 25 26 27 28 29 30 31 32 33 34 35 
22 9 34 23 35 28 24 29 12 5 20 3 2 18 30 32 31 14 21 1 4 16 27 7 26 13 33 17 19 10 8 11 25 6 15 
15 97
1 2 3 4 5 6 7 8 9 10 11 12 13 14 15 
13 6 14 4 3 7 11 8 10 15 1 12 5 9 2 
49 20
1 2 3 4 5 6 7 8 9 10 11 12 13 14 15 16 17 18 19 20 21 22 23 24 25 26 27 28 29 30 31 32 33 34 35 36 37 38 39 40 41 42 43 44 45 46 47 48 49 
1 28 3 4 5 38 7 42 9 37 19 12 2 15 40 25 17 18 11 13 21 23 22 24 46 27 44 48 14 6 39 32 29 34 35 36 10 30 31 45 41 8 43 26 33 16 47 20 49 
20 1
1 2 3 4 5 6 7 8 9 10 11 12 13 14 15 16 17 18 19 20 
1 2 3 4 5 6 7 8 9 10 11 12 13 14 15 16 17 18 19 20 
59 40
1 2 3 4 5 6 7 8 9 10 11 12 13 14 15 16 17 18 19 20 21 22 23 24 25 26 27 28 29 30 31 32 33 34 35 36 37 38 39 40 41 42 43 44 45 46 47 48 49 50 51 52 53 54 55 56 57 58 59 
1 36 41 26 12 31 11 3 40 39 4 54 59 42 55 34 56 21 18 8 47 44 6 25 52 10 38 58 45 15 46 23 14 50 17 35 20 13 51 2 29 9 53 19 27 48 57 37 30 24 49 5 33 22 7 16 43 28 32 
41 41
1 2 3 4 5 6 7 8 9 10 11 12 13 14 15 16 17 18 19 20 21 22 23 24 25 26 27 28 29 30 31 32 33 34 35 36 37 38 39 40 41 
28 19 35 22 8 32 27 34 38 7 15 12 23 25 9 11 3 10 36 30 33 26 16 29 31 2 21 1 5 20 18 6 17 13 4 24 37 39 41 40 14 
17 33
1 2 3 4 5 6 7 8 9 10 11 12 13 14 15 16 17 
7 17 4 10 6 9 11 14 8 13 5 1 2 16 12 3 15 
88 97
1 2 3 4 5 6 7 8 9 10 11 12 13 14 15 16 17 18 19 20 21 22 23 24 25 26 27 28 29 30 31 32 33 34 35 36 37 38 39 40 41 42 43 44 45 46 47 48 49 50 51 52 53 54 55 56 57 58 59 60 61 62 63 64 65 66 67 68 69 70 71 72 73 74 75 76 77 78 79 80 81 82 83 84 85 86 87 88 
62 7 70 14 13 82 64 48 68 18 35 33 80 25 9 3 66 29 20 63 78 60 23 24 71 26 56 28 76 4 54 32 73 27 55 50 37 6 67 31 10 2 43 72 36 5 47 74 52 44 51 30 16 58 41 34 39 1 45 84 61 19 81 40 53 17 85 75 69 57 83 38 8 12 46 65 77 87 59 79 15 49 11 42 88 86 22 21 
8 94
1 2 3 4 5 6 7 8 
8 2 3 6 1 7 5 4 
11 86
1 2 3 4 5 6 7 8 9 10 11 
1 4 5 8 3 2 7 9 11 10 6 
64 100
1 2 3 4 5 6 7 8 9 10 11 12 13 14 15 16 17 18 19 20 21 22 23 24 25 26 27 28 29 30 31 32 33 34 35 36 37 38 39 40 41 42 43 44 45 46 47 48 49 50 51 52 53 54 55 56 57 58 59 60 61 62 63 64 
38 45 24 60 59 46 55 31 54 1 36 15 61 25 58 34 10 42 50 40 2 43 47 26 53 14 63 11 22 52 57 37 23 62 8 21 3 18 35 16 4 56 64 12 20 6 32 28 48 7 13 49 33 44 29 19 41 51 17 27 5 9 39 30 
42 99
1 2 3 4 5 6 7 8 9 10 11 12 13 14 15 16 17 18 19 20 21 22 23 24 25 26 27 28 29 30 31 32 33 34 35 36 37 38 39 40 41 42 
27 7 23 40 11 6 22 8 5 32 38 12 39 37 4 2 19 31 35 10 21 18 9 24 17 26 30 16 15 25 42 36 33 34 28 13 1 29 3 14 41 20 
53 20
1 2 3 4 5 6 7 8 9 10 11 12 13 14 15 16 17 18 19 20 21 22 23 24 25 26 27 28 29 30 31 32 33 34 35 36 37 38 39 40 41 42 43 44 45 46 47 48 49 50 51 52 53 
52 17 21 51 50 12 15 23 1 41 16 2 18 47 11 44 35 20 22 24 27 25 37 32 8 13 3 10 6 38 42 30 29 14 26 53 34 40 28 39 9 7 31 46 48 45 33 36 49 4 19 43 5 
43 84
1 2 3 4 5 6 7 8 9 10 11 12 13 14 15 16 17 18 19 20 21 22 23 24 25 26 27 28 29 30 31 32 33 34 35 36 37 38 39 40 41 42 43 
11 40 41 2 5 39 7 8 42 4 28 18 12 24 20 27 14 25 16 3 17 6 31 26 37 43 19 1 29 22 9 10 21 36 33 34 13 38 15 35 32 23 30 
18 77
1 2 3 4 5 6 7 8 9 10 11 12 13 14 15 16 17 18 
7 11 2 12 16 14 4 17 1 3 10 15 5 8 18 6 9 13 
62 87
1 2 3 4 5 6 7 8 9 10 11 12 13 14 15 16 17 18 19 20 21 22 23 24 25 26 27 28 29 30 31 32 33 34 35 36 37 38 39 40 41 42 43 44 45 46 47 48 49 50 51 52 53 54 55 56 57 58 59 60 61 62 
16 29 3 50 59 11 48 32 15 53 40 62 1 52 18 6 9 17 57 10 28 22 12 4 30 23 47 54 20 26 31 5 33 55 44 8 42 43 2 35 41 36 19 13 56 61 21 7 49 27 24 25 58 46 34 45 14 37 38 60 51 39 
83 5
1 2 3 4 5 6 7 8 9 10 11 12 13 14 15 16 17 18 19 20 21 22 23 24 25 26 27 28 29 30 31 32 33 34 35 36 37 38 39 40 41 42 43 44 45 46 47 48 49 50 51 52 53 54 55 56 57 58 59 60 61 62 63 64 65 66 67 68 69 70 71 72 73 74 75 76 77 78 79 80 81 82 83 
11 42 75 29 53 67 58 27 30 57 12 59 48 78 77 44 76 74 63 35 55 4 3 72 16 50 41 82 83 37 60 7 18 40 69 80 8 47 79 17 9 64 49 51 56 62 20 2 19 6 32 36 70 71 21 33 24 25 22 52 68 43 66 26 39 1 54 13 38 65 28 34 81 23 45 15 31 14 61 10 73 5 46 
88 38
1 2 3 4 5 6 7 8 9 10 11 12 13 14 15 16 17 18 19 20 21 22 23 24 25 26 27 28 29 30 31 32 33 34 35 36 37 38 39 40 41 42 43 44 45 46 47 48 49 50 51 52 53 54 55 56 57 58 59 60 61 62 63 64 65 66 67 68 69 70 71 72 73 74 75 76 77 78 79 80 81 82 83 84 85 86 87 88 
87 29 3 4 5 6 7 8 9 47 71 81 66 14 75 16 58 12 34 62 21 22 54 70 25 26 42 56 2 68 31 20 32 19 30 36 37 38 27 40 41 23 43 44 45 46 67 48 49 50 79 52 53 35 15 85 60 65 59 57 61 24 63 64 84 55 10 39 69 33 11 17 73 74 51 76 77 78 28 80 83 82 18 72 13 86 1 88 
40 21
1 2 3 4 5 6 7 8 9 10 11 12 13 14 15 16 17 18 19 20 21 22 23 24 25 26 27 28 29 30 31 32 33 34 35 36 37 38 39 40 
7 32 2 4 9 21 17 15 38 12 29 25 27 19 14 11 30 6 16 36 31 18 28 8 34 33 3 20 37 1 10 40 23 26 24 22 5 39 13 35 
23 30
1 2 3 4 5 6 7 8 9 10 11 12 13 14 15 16 17 18 19 20 21 22 23 
7 5 9 14 15 12 11 1 17 8 6 4 16 10 2 3 19 22 13 18 23 21 20 
66 52
1 2 3 4 5 6 7 8 9 10 11 12 13 14 15 16 17 18 19 20 21 22 23 24 25 26 27 28 29 30 31 32 33 34 35 36 37 38 39 40 41 42 43 44 45 46 47 48 49 50 51 52 53 54 55 56 57 58 59 60 61 62 63 64 65 66 
24 32 66 3 55 59 16 51 61 6 8 28 60 25 33 54 46 15 17 4 38 37 43 27 9 41 21 22 57 48 34 19 23 58 29 30 47 40 5 2 31 65 1 62 63 42 56 13 20 52 36 49 18 44 35 26 45 14 53 12 10 39 50 7 11 64 
90 75
1 2 3 4 5 6 7 8 9 10 11 12 13 14 15 16 17 18 19 20 21 22 23 24 25 26 27 28 29 30 31 32 33 34 35 36 37 38 39 40 41 42 43 44 45 46 47 48 49 50 51 52 53 54 55 56 57 58 59 60 61 62 63 64 65 66 67 68 69 70 71 72 73 74 75 76 77 78 79 80 81 82 83 84 85 86 87 88 89 90 
68 25 81 77 34 6 5 31 9 76 74 50 13 3 20 53 17 18 4 27 70 48 72 35 78 10 15 28 63 52 12 66 86 69 11 65 83 67 40 85 64 71 43 29 80 82 47 32 22 36 62 30 16 54 24 42 37 58 26 46 55 38 23 90 8 73 19 1 44 21 59 33 39 49 75 84 61 45 51 57 41 2 56 14 79 60 87 88 89 7 
53 8
1 2 3 4 5 6 7 8 9 10 11 12 13 14 15 16 17 18 19 20 21 22 23 24 25 26 27 28 29 30 31 32 33 34 35 36 37 38 39 40 41 42 43 44 45 46 47 48 49 50 51 52 53 
31 1 46 50 26 15 28 35 48 42 8 39 38 24 41 22 11 9 34 5 52 45 25 37 27 12 4 53 21 43 16 6 23 3 14 49 18 40 13 17 33 30 32 10 2 51 44 47 7 19 20 36 29 
73 1
1 2 3 4 5 6 7 8 9 10 11 12 13 14 15 16 17 18 19 20 21 22 23 24 25 26 27 28 29 30 31 32 33 34 35 36 37 38 39 40 41 42 43 44 45 46 47 48 49 50 51 52 53 54 55 56 57 58 59 60 61 62 63 64 65 66 67 68 69 70 71 72 73 
38 34 71 17 25 21 42 32 67 46 4 52 19 5 63 18 13 69 35 66 8 28 48 15 12 72 9 23 56 11 65 60 55 51 73 16 70 62 24 33 68 2 3 29 43 14 6 22 7 10 45 1 54 31 30 44 47 41 26 64 53 61 37 39 40 36 58 49 27 50 20 59 57 
14 21
1 2 3 4 5 6 7 8 9 10 11 12 13 14 
5 10 8 6 9 2 4 3 14 12 7 1 11 13 
89 15
1 2 3 4 5 6 7 8 9 10 11 12 13 14 15 16 17 18 19 20 21 22 23 24 25 26 27 28 29 30 31 32 33 34 35 36 37 38 39 40 41 42 43 44 45 46 47 48 49 50 51 52 53 54 55 56 57 58 59 60 61 62 63 64 65 66 67 68 69 70 71 72 73 74 75 76 77 78 79 80 81 82 83 84 85 86 87 88 89 
1 2 7 4 5 6 80 74 30 10 11 12 39 65 15 16 17 18 83 20 55 22 3 24 13 26 27 28 29 9 52 19 33 34 35 36 37 38 25 40 41 42 43 44 45 46 47 48 49 58 51 64 53 54 21 56 57 50 59 60 61 62 63 31 14 66 67 68 69 70 71 72 73 81 75 76 77 78 79 23 8 82 32 84 85 86 87 88 89 
49 48
1 2 3 4 5 6 7 8 9 10 11 12 13 14 15 16 17 18 19 20 21 22 23 24 25 26 27 28 29 30 31 32 33 34 35 36 37 38 39 40 41 42 43 44 45 46 47 48 49 
25 38 34 36 32 37 14 20 22 5 19 31 17 12 1 28 7 35 13 29 33 48 41 2 16 40 30 23 9 49 21 6 15 47 10 3 4 27 18 42 43 46 11 44 26 8 45 24 39 
95 29
1 2 3 4 5 6 7 8 9 10 11 12 13 14 15 16 17 18 19 20 21 22 23 24 25 26 27 28 29 30 31 32 33 34 35 36 37 38 39 40 41 42 43 44 45 46 47 48 49 50 51 52 53 54 55 56 57 58 59 60 61 62 63 64 65 66 67 68 69 70 71 72 73 74 75 76 77 78 79 80 81 82 83 84 85 86 87 88 89 90 91 92 93 94 95 
71 28 75 45 11 63 51 53 6 44 94 32 80 57 35 1 8 72 21 41 16 82 22 66 36 31 84 50 48 86 19 87 20 42 10 29 93 65 54 74 37 15 4 27 38 3 70 95 85 14 26 62 58 68 23 89 18 90 64 13 78 12 73 7 67 5 69 60 81 83 2 56 77 55 79 17 39 61 40 91 43 25 49 30 92 46 9 52 47 34 88 24 33 76 59 
66 97
1 2 3 4 5 6 7 8 9 10 11 12 13 14 15 16 17 18 19 20 21 22 23 24 25 26 27 28 29 30 31 32 33 34 35 36 37 38 39 40 41 42 43 44 45 46 47 48 49 50 51 52 53 54 55 56 57 58 59 60 61 62 63 64 65 66 
36 50 1 27 11 14 28 65 58 5 62 2 39 61 64 40 17 15 46 23 21 18 3 29 24 10 34 59 25 12 31 42 35 37 33 22 57 53 13 30 54 9 44 38 47 52 45 26 43 6 51 4 55 16 66 56 8 41 32 60 48 7 63 20 19 49 
64 38
1 2 3 4 5 6 7 8 9 10 11 12 13 14 15 16 17 18 19 20 21 22 23 24 25 26 27 28 29 30 31 32 33 34 35 36 37 38 39 40 41 42 43 44 45 46 47 48 49 50 51 52 53 54 55 56 57 58 59 60 61 62 63 64 
1 53 30 10 59 21 43 47 60 4 23 9 13 61 22 28 6 18 44 55 46 37 7 24 25 26 27 16 29 12 31 32 41 17 50 36 2 38 39 40 51 56 54 19 34 3 57 64 49 14 33 52 35 62 20 42 8 58 5 45 15 11 63 48 
85 83
1 2 3 4 5 6 7 8 9 10 11 12 13 14 15 16 17 18 19 20 21 22 23 24 25 26 27 28 29 30 31 32 33 34 35 36 37 38 39 40 41 42 43 44 45 46 47 48 49 50 51 52 53 54 55 56 57 58 59 60 61 62 63 64 65 66 67 68 69 70 71 72 73 74 75 76 77 78 79 80 81 82 83 84 85 
14 32 39 46 73 20 29 79 64 68 15 5 54 12 21 62 52 3 81 41 47 4 56 10 61 2 55 1 18 78 71 57 26 49 33 31 8 83 76 27 75 37 9 34 45 16 43 85 19 23 53 22 51 60 69 70 40 25 11 50 82 80 65 36 58 17 35 13 38 42 67 72 59 24 84 77 30 48 63 74 6 28 7 44 66 
63 7
1 2 3 4 5 6 7 8 9 10 11 12 13 14 15 16 17 18 19 20 21 22 23 24 25 26 27 28 29 30 31 32 33 34 35 36 37 38 39 40 41 42 43 44 45 46 47 48 49 50 51 52 53 54 55 56 57 58 59 60 61 62 63 
1 2 3 4 5 6 7 12 9 10 29 8 13 14 15 16 17 20 19 18 21 22 23 24 25 26 27 28 11 30 31 32 33 34 35 36 57 38 39 40 41 42 43 44 45 46 59 48 49 50 51 60 53 54 55 56 37 58 47 52 61 62 63 
62 74
1 2 3 4 5 6 7 8 9 10 11 12 13 14 15 16 17 18 19 20 21 22 23 24 25 26 27 28 29 30 31 32 33 34 35 36 37 38 39 40 41 42 43 44 45 46 47 48 49 50 51 52 53 54 55 56 57 58 59 60 61 62 
14 10 33 40 28 56 51 57 7 62 19 45 54 25 52 36 55 30 37 26 53 39 16 21 32 43 42 46 9 2 60 11 22 48 17 44 34 41 35 4 27 50 59 24 3 13 12 47 61 15 20 1 5 29 6 38 58 8 31 23 18 49 
52 49
1 2 3 4 5 6 7 8 9 10 11 12 13 14 15 16 17 18 19 20 21 22 23 24 25 26 27 28 29 30 31 32 33 34 35 36 37 38 39 40 41 42 43 44 45 46 47 48 49 50 51 52 
1 41 20 13 2 26 40 8 38 39 36 47 48 23 30 44 32 16 24 14 31 49 15 19 35 3 29 37 4 10 22 25 17 52 27 5 6 21 43 46 45 11 18 9 12 34 7 28 51 33 50 42 
21 84
1 2 3 4 5 6 7 8 9 10 11 12 13 14 15 16 17 18 19 20 21 
2 7 6 4 18 15 17 8 20 12 21 3 1 16 19 5 10 11 9 13 14 
57 68
1 2 3 4 5 6 7 8 9 10 11 12 13 14 15 16 17 18 19 20 21 22 23 24 25 26 27 28 29 30 31 32 33 34 35 36 37 38 39 40 41 42 43 44 45 46 47 48 49 50 51 52 53 54 55 56 57 
24 51 20 21 29 41 10 6 45 7 38 31 13 50 30 22 46 3 52 18 35 56 1 33 15 54 16 40 34 43 19 25 42 26 44 11 14 2 47 8 23 12 55 53 48 17 4 5 36 49 39 32 9 57 37 27 28 
80 51
1 2 3 4 5 6 7 8 9 10 11 12 13 14 15 16 17 18 19 20 21 22 23 24 25 26 27 28 29 30 31 32 33 34 35 36 37 38 39 40 41 42 43 44 45 46 47 48 49 50 51 52 53 54 55 56 57 58 59 60 61 62 63 64 65 66 67 68 69 70 71 72 73 74 75 76 77 78 79 80 
66 37 55 77 80 56 63 54 75 23 35 18 69 62 4 41 21 78 67 12 14 24 71 13 72 19 45 30 74 73 9 60 32 58 29 5 7 48 26 36 27 3 39 33 65 40 6 49 52 1 64 57 76 10 61 28 15 34 31 47 51 38 43 79 2 17 11 68 22 50 25 59 20 44 53 70 42 8 46 16 
17 56
1 2 3 4 5 6 7 8 9 10 11 12 13 14 15 16 17 
17 8 15 4 7 3 16 5 9 12 14 13 10 11 2 6 1 
58 40
1 2 3 4 5 6 7 8 9 10 11 12 13 14 15 16 17 18 19 20 21 22 23 24 25 26 27 28 29 30 31 32 33 34 35 36 37 38 39 40 41 42 43 44 45 46 47 48 49 50 51 52 53 54 55 56 57 58 
1 46 16 52 5 18 31 47 2 53 11 12 24 42 15 34 41 13 19 20 21 22 23 55 6 45 7 51 27 29 32 3 33 14 35 28 37 4 40 17 58 10 25 44 39 49 26 48 57 50 36 54 9 30 43 56 38 8 
79 32
1 2 3 4 5 6 7 8 9 10 11 12 13 14 15 16 17 18 19 20 21 22 23 24 25 26 27 28 29 30 31 32 33 34 35 36 37 38 39 40 41 42 43 44 45 46 47 48 49 50 51 52 53 54 55 56 57 58 59 60 61 62 63 64 65 66 67 68 69 70 71 72 73 74 75 76 77 78 79 
65 31 40 52 42 54 51 76 7 37 17 26 64 47 69 48 25 33 72 12 24 27 44 68 5 38 29 43 2 14 77 8 9 78 23 50 32 55 11 49 73 19 70 63 21 6 62 28 10 74 57 66 59 15 45 53 58 3 75 61 60 16 18 1 46 36 13 79 20 41 35 67 71 30 39 34 56 4 22 
16 31
1 2 3 4 5 6 7 8 9 10 11 12 13 14 15 16 
3 1 2 14 4 12 5 8 11 6 10 7 13 9 16 15 
58 14
1 2 3 4 5 6 7 8 9 10 11 12 13 14 15 16 17 18 19 20 21 22 23 24 25 26 27 28 29 30 31 32 33 34 35 36 37 38 39 40 41 42 43 44 45 46 47 48 49 50 51 52 53 54 55 56 57 58 
1 39 3 4 5 54 7 8 43 10 11 28 13 14 15 16 17 18 33 27 21 38 23 34 25 26 6 12 29 30 31 32 19 24 36 47 58 46 2 40 41 42 9 35 45 22 44 48 49 50 51 52 53 20 55 56 57 37 
17 27
1 2 3 4 5 6 7 8 9 10 11 12 13 14 15 16 17 
17 3 9 16 13 15 8 12 7 10 4 11 5 6 1 2 14 
13 0
1 2 3 4 5 6 7 8 9 10 11 12 13 
1 2 3 4 5 6 7 8 9 10 11 12 13 
37 1
1 2 3 4 5 6 7 8 9 10 11 12 13 14 15 16 17 18 19 20 21 22 23 24 25 26 27 28 29 30 31 32 33 34 35 36 37 
2 34 21 12 29 1 3 37 17 35 31 33 19 30 6 14 28 13 5 25 18 20 24 23 27 10 7 22 9 4 26 16 8 15 36 32 11 
77 37
1 2 3 4 5 6 7 8 9 10 11 12 13 14 15 16 17 18 19 20 21 22 23 24 25 26 27 28 29 30 31 32 33 34 35 36 37 38 39 40 41 42 43 44 45 46 47 48 49 50 51 52 53 54 55 56 57 58 59 60 61 62 63 64 65 66 67 68 69 70 71 72 73 74 75 76 77 
45 48 69 4 5 38 39 46 26 10 55 12 59 25 15 16 52 54 19 20 49 35 23 43 57 77 27 28 44 21 31 2 58 34 75 36 62 6 7 41 40 67 73 29 1 8 68 60 30 50 42 17 53 18 13 56 14 33 3 11 61 37 63 64 65 66 51 74 32 70 71 72 9 47 22 76 24 
13 86
1 2 3 4 5 6 7 8 9 10 11 12 13 
4 9 5 10 11 7 8 12 1 6 13 2 3 
84 17
1 2 3 4 5 6 7 8 9 10 11 12 13 14 15 16 17 18 19 20 21 22 23 24 25 26 27 28 29 30 31 32 33 34 35 36 37 38 39 40 41 42 43 44 45 46 47 48 49 50 51 52 53 54 55 56 57 58 59 60 61 62 63 64 65 66 67 68 69 70 71 72 73 74 75 76 77 78 79 80 81 82 83 84 
68 2 3 39 49 6 22 53 15 10 74 28 37 14 9 72 36 18 19 20 21 78 23 24 25 26 27 48 29 30 31 32 5 34 35 17 13 38 4 12 41 42 43 44 45 46 47 40 62 50 51 52 8 54 55 56 57 58 59 60 61 33 63 64 65 66 67 1 70 69 71 16 73 11 75 76 77 7 79 80 81 82 83 84 
72 42
1 2 3 4 5 6 7 8 9 10 11 12 13 14 15 16 17 18 19 20 21 22 23 24 25 26 27 28 29 30 31 32 33 34 35 36 37 38 39 40 41 42 43 44 45 46 47 48 49 50 51 52 53 54 55 56 57 58 59 60 61 62 63 64 65 66 67 68 69 70 71 72 
1 2 3 4 17 6 45 16 70 50 11 23 60 14 43 19 65 18 39 20 7 42 28 24 51 26 10 30 29 38 9 33 5 27 56 63 37 69 48 40 41 8 12 68 21 46 47 34 13 55 32 62 53 54 49 35 72 58 59 25 15 52 36 64 61 66 67 44 57 31 71 22 
83 52
1 2 3 4 5 6 7 8 9 10 11 12 13 14 15 16 17 18 19 20 21 22 23 24 25 26 27 28 29 30 31 32 33 34 35 36 37 38 39 40 41 42 43 44 45 46 47 48 49 50 51 52 53 54 55 56 57 58 59 60 61 62 63 64 65 66 67 68 69 70 71 72 73 74 75 76 77 78 79 80 81 82 83 
1 22 77 37 83 4 59 51 15 35 26 38 33 25 27 2 67 44 60 14 80 12 10 66 62 48 17 55 39 52 28 75 7 9 68 81 71 43 16 70 78 30 5 56 18 58 21 34 61 72 23 53 11 3 42 63 65 13 73 20 6 46 76 31 32 64 29 40 8 36 41 49 19 54 74 45 79 47 24 50 82 69 57 
32 97
1 2 3 4 5 6 7 8 9 10 11 12 13 14 15 16 17 18 19 20 21 22 23 24 25 26 27 28 29 30 31 32 
22 32 29 1 21 30 15 18 31 25 5 20 8 9 28 10 12 4 3 14 19 26 23 24 2 11 27 17 13 7 16 6 
39 45
1 2 3 4 5 6 7 8 9 10 11 12 13 14 15 16 17 18 19 20 21 22 23 24 25 26 27 28 29 30 31 32 33 34 35 36 37 38 39 
29 25 7 26 24 28 34 37 22 38 20 15 35 12 31 5 30 10 2 11 21 18 36 9 39 6 33 8 3 13 1 32 14 4 16 17 27 23 19 
96 77
1 2 3 4 5 6 7 8 9 10 11 12 13 14 15 16 17 18 19 20 21 22 23 24 25 26 27 28 29 30 31 32 33 34 35 36 37 38 39 40 41 42 43 44 45 46 47 48 49 50 51 52 53 54 55 56 57 58 59 60 61 62 63 64 65 66 67 68 69 70 71 72 73 74 75 76 77 78 79 80 81 82 83 84 85 86 87 88 89 90 91 92 93 94 95 96 
11 71 85 20 3 51 13 15 63 83 67 81 92 45 17 41 6 90 79 68 89 69 50 58 59 8 46 1 56 37 21 39 23 2 31 53 4 86 28 10 65 25 32 95 87 18 88 93 34 74 38 66 12 16 40 7 75 72 48 82 64 14 62 9 24 70 49 44 29 22 94 42 19 47 52 30 55 27 76 26 60 78 36 54 35 91 61 73 33 77 5 57 96 80 43 84 
85 54
1 2 3 4 5 6 7 8 9 10 11 12 13 14 15 16 17 18 19 20 21 22 23 24 25 26 27 28 29 30 31 32 33 34 35 36 37 38 39 40 41 42 43 44 45 46 47 48 49 50 51 52 53 54 55 56 57 58 59 60 61 62 63 64 65 66 67 68 69 70 71 72 73 74 75 76 77 78 79 80 81 82 83 84 85 
66 64 8 85 76 48 32 21 12 62 13 50 1 4 6 36 19 37 38 25 33 27 72 20 7 23 81 52 39 28 14 68 16 29 15 54 74 2 57 47 34 11 80 30 78 10 82 44 63 60 61 41 77 42 58 43 24 18 67 70 9 22 55 75 5 26 51 73 69 65 71 59 40 3 79 56 35 83 45 17 31 49 53 46 84 
75 17
1 2 3 4 5 6 7 8 9 10 11 12 13 14 15 16 17 18 19 20 21 22 23 24 25 26 27 28 29 30 31 32 33 34 35 36 37 38 39 40 41 42 43 44 45 46 47 48 49 50 51 52 53 54 55 56 57 58 59 60 61 62 63 64 65 66 67 68 69 70 71 72 73 74 75 
52 2 19 4 5 6 30 8 9 10 7 12 13 14 15 35 17 18 41 20 32 22 31 24 25 26 27 28 29 11 23 69 33 44 34 47 37 38 39 40 21 42 43 16 45 55 36 57 49 50 51 1 53 54 46 56 48 58 59 60 61 62 63 64 65 66 67 68 3 70 71 72 73 74 75 
5 58
1 2 3 4 5 
5 2 3 4 1 
3 8
1 2 3 
1 2 3 
6 85
1 2 3 4 5 6 
4 2 5 1 6 3 
69 2
1 2 3 4 5 6 7 8 9 10 11 12 13 14 15 16 17 18 19 20 21 22 23 24 25 26 27 28 29 30 31 32 33 34 35 36 37 38 39 40 41 42 43 44 45 46 47 48 49 50 51 52 53 54 55 56 57 58 59 60 61 62 63 64 65 66 67 68 69 
61 68 55 28 42 33 50 21 59 48 64 45 24 29 35 2 8 37 54 39 22 14 15 18 69 3 12 10 43 23 30 51 40 58 32 13 31 52 62 44 34 6 67 5 36 27 25 47 63 19 65 56 26 38 1 9 60 53 7 41 4 17 49 46 16 20 11 66 57 
14 43
1 2 3 4 5 6 7 8 9 10 11 12 13 14 
3 12 13 14 9 4 1 11 2 6 8 7 10 5 
26 57
1 2 3 4 5 6 7 8 9 10 11 12 13 14 15 16 17 18 19 20 21 22 23 24 25 26 
23 20 10 21 26 1 9 8 16 24 19 13 4 3 22 17 6 18 7 2 12 11 5 15 25 14 
44 88
1 2 3 4 5 6 7 8 9 10 11 12 13 14 15 16 17 18 19 20 21 22 23 24 25 26 27 28 29 30 31 32 33 34 35 36 37 38 39 40 41 42 43 44 
32 30 35 18 7 8 41 31 5 26 4 16 13 43 1 3 19 29 12 44 11 24 15 2 38 23 25 42 34 36 9 39 17 33 6 40 10 37 27 28 22 14 21 20 
13 99
1 2 3 4 5 6 7 8 9 10 11 12 13 
1 2 13 4 9 11 6 8 3 5 10 7 12 
21 28
1 2 3 4 5 6 7 8 9 10 11 12 13 14 15 16 17 18 19 20 21 
5 18 14 4 3 6 2 21 19 13 15 9 16 8 10 20 17 7 11 1 12 
51 37
1 2 3 4 5 6 7 8 9 10 11 12 13 14 15 16 17 18 19 20 21 22 23 24 25 26 27 28 29 30 31 32 33 34 35 36 37 38 39 40 41 42 43 44 45 46 47 48 49 50 51 
37 27 14 22 33 3 30 18 13 36 1 41 48 40 51 20 12 11 4 16 49 43 31 6 10 8 2 7 29 45 42 50 46 47 32 21 24 25 38 44 5 39 17 34 15 23 26 9 19 35 28 
2 33
1 2 
2 1 
23 12
1 2 3 4 5 6 7 8 9 10 11 12 13 14 15 16 17 18 19 20 21 22 23 
12 8 15 16 17 5 22 6 14 20 1 9 18 7 2 13 11 21 19 10 3 4 23 
13 66
1 2 3 4 5 6 7 8 9 10 11 12 13 
3 8 9 7 2 13 10 12 1 5 6 4 11 
23 50
1 2 3 4 5 6 7 8 9 10 11 12 13 14 15 16 17 18 19 20 21 22 23 
14 17 23 20 10 4 13 16 1 8 21 18 15 7 3 19 2 11 22 6 5 9 12 
82 90
1 2 3 4 5 6 7 8 9 10 11 12 13 14 15 16 17 18 19 20 21 22 23 24 25 26 27 28 29 30 31 32 33 34 35 36 37 38 39 40 41 42 43 44 45 46 47 48 49 50 51 52 53 54 55 56 57 58 59 60 61 62 63 64 65 66 67 68 69 70 71 72 73 74 75 76 77 78 79 80 81 82 
17 71 54 82 45 73 2 10 14 27 53 47 31 23 36 42 44 19 16 76 77 78 68 26 58 37 55 32 11 61 67 9 29 70 33 21 7 81 12 34 51 22 3 79 60 28 75 20 18 25 48 62 15 49 59 6 50 69 38 40 64 39 63 66 46 1 56 8 30 65 72 74 5 13 35 43 52 41 4 80 57 24 
53 5
1 2 3 4 5 6 7 8 9 10 11 12 13 14 15 16 17 18 19 20 21 22 23 24 25 26 27 28 29 30 31 32 33 34 35 36 37 38 39 40 41 42 43 44 45 46 47 48 49 50 51 52 53 
20 19 33 8 10 28 51 13 40 7 32 43 38 21 5 39 41 23 31 26 29 37 50 1 36 18 16 2 52 12 24 42 45 4 30 27 48 44 34 14 17 22 53 49 3 9 25 6 47 46 11 35 15 
100 70
1 2 3 4 5 6 7 8 9 10 11 12 13 14 15 16 17 18 19 20 21 22 23 24 25 26 27 28 29 30 31 32 33 34 35 36 37 38 39 40 41 42 43 44 45 46 47 48 49 50 51 52 53 54 55 56 57 58 59 60 61 62 63 64 65 66 67 68 69 70 71 72 73 74 75 76 77 78 79 80 81 82 83 84 85 86 87 88 89 90 91 92 93 94 95 96 97 98 99 100 
38 10 55 68 5 8 7 9 76 23 16 48 13 14 84 98 88 18 86 20 21 67 41 11 42 26 30 28 29 79 75 32 33 39 24 19 36 83 50 93 81 52 97 44 49 46 47 96 45 34 51 57 85 54 100 71 15 27 59 60 6 62 70 72 95 2 74 1 69 77 4 56 73 22 25 64 37 78 17 35 90 82 40 61 53 63 87 43 89 12 80 92 66 58 65 3 94 31 99 91 
75 69
1 2 3 4 5 6 7 8 9 10 11 12 13 14 15 16 17 18 19 20 21 22 23 24 25 26 27 28 29 30 31 32 33 34 35 36 37 38 39 40 41 42 43 44 45 46 47 48 49 50 51 52 53 54 55 56 57 58 59 60 61 62 63 64 65 66 67 68 69 70 71 72 73 74 75 
27 60 19 48 75 51 38 58 9 11 4 12 13 69 25 16 47 49 37 66 23 22 39 29 32 41 31 40 55 30 20 21 24 65 53 6 52 68 35 14 26 67 43 34 50 46 59 1 72 73 57 74 62 8 10 56 3 18 63 42 36 61 15 28 5 44 2 70 33 54 17 71 64 7 45 
54 89
1 2 3 4 5 6 7 8 9 10 11 12 13 14 15 16 17 18 19 20 21 22 23 24 25 26 27 28 29 30 31 32 33 34 35 36 37 38 39 40 41 42 43 44 45 46 47 48 49 50 51 52 53 54 
14 20 54 35 27 30 38 6 42 21 11 28 13 2 7 16 18 39 51 29 44 3 19 10 25 22 50 12 5 37 32 43 9 33 26 8 17 46 45 40 48 1 4 34 49 41 47 24 53 31 15 52 23 36 
16 98
1 2 3 4 5 6 7 8 9 10 11 12 13 14 15 16 
5 16 6 7 9 11 10 8 15 13 2 14 1 12 4 3 
82 49
1 2 3 4 5 6 7 8 9 10 11 12 13 14 15 16 17 18 19 20 21 22 23 24 25 26 27 28 29 30 31 32 33 34 35 36 37 38 39 40 41 42 43 44 45 46 47 48 49 50 51 52 53 54 55 56 57 58 59 60 61 62 63 64 65 66 67 68 69 70 71 72 73 74 75 76 77 78 79 80 81 82 
11 42 60 13 40 9 6 49 46 68 1 82 48 14 15 16 8 18 45 74 17 21 31 24 25 26 52 28 38 55 63 32 12 62 35 36 27 5 39 23 41 78 43 44 19 3 59 29 22 50 76 54 47 2 30 4 57 20 7 37 72 34 70 64 65 66 77 10 69 81 73 53 61 58 75 51 67 56 79 80 71 33 
60 55
1 2 3 4 5 6 7 8 9 10 11 12 13 14 15 16 17 18 19 20 21 22 23 24 25 26 27 28 29 30 31 32 33 34 35 36 37 38 39 40 41 42 43 44 45 46 47 48 49 50 51 52 53 54 55 56 57 58 59 60 
28 60 11 9 38 19 51 33 44 47 15 6 10 22 53 32 14 37 55 48 39 21 31 20 56 8 43 46 41 58 52 18 2 40 17 13 24 12 23 45 35 1 36 54 25 27 7 49 30 3 4 29 16 50 59 42 57 5 26 34 
25 80
1 2 3 4 5 6 7 8 9 10 11 12 13 14 15 16 17 18 19 20 21 22 23 24 25 
1 2 14 24 5 6 22 15 3 10 19 4 25 9 11 8 7 18 17 12 21 13 23 16 20 
43 72
1 2 3 4 5 6 7 8 9 10 11 12 13 14 15 16 17 18 19 20 21 22 23 24 25 26 27 28 29 30 31 32 33 34 35 36 37 38 39 40 41 42 43 
3 29 31 24 17 13 35 43 38 6 11 39 21 41 2 36 14 5 7 18 30 1 37 27 40 12 26 34 8 16 25 10 32 9 28 23 33 22 4 15 42 20 19 
73 89
1 2 3 4 5 6 7 8 9 10 11 12 13 14 15 16 17 18 19 20 21 22 23 24 25 26 27 28 29 30 31 32 33 34 35 36 37 38 39 40 41 42 43 44 45 46 47 48 49 50 51 52 53 54 55 56 57 58 59 60 61 62 63 64 65 66 67 68 69 70 71 72 73 
32 62 56 4 65 1 49 31 5 60 18 30 42 35 68 72 13 33 9 28 3 50 25 24 73 2 54 26 41 45 8 29 52 16 14 10 37 63 15 27 20 47 58 44 21 19 23 48 17 46 70 67 40 53 57 36 55 64 6 38 61 59 22 51 7 66 12 39 43 69 71 34 11 
