10
150
445503718 141071787 848812920 287049049 758340575 116073840 554607123 241148207 231593578 143358124 584287898 248417549 230751338 108474360 165338032 281513095 259755930 291717438 919347871 25392015 76265240 259542776 210718629 862469418 160554870 811736378 49543762 444649691 484826877 245627833 589214790 115097128 464407758 38078883 101079836 25700852 280039303 77598202 352906955 489669304 234413650 220253624 156084066 9144214 380683389 514386060 242462340 21838825 894629136 261019717 263338984 239745164 483987152 681852518 249931084 275800153 73536441 588805784 339171049 140276376 152167113 508121483 172025165 18370103 83101644 714266607 536070090 243230839 270544387 440267148 225472872 400822203 627838970 856759551 744935885 25795755 73245264 321111494 267863457 555335806 568603967 87733885 477942494 115643478 314146345 5596023 149983257 489253486 539783699 368188286 613169927 168563510 338972236 59666250 257847528 41040027 351405015 111805518 67703137 117233101 455249933 180481749 66109627 119508062 93443134 464745378 104561016 503782918 374122717 71016313 381306091 73362472 21678519 101833346 421125502 399805280 210409237 467601576 578143799 178200862 525432193 200072157 37655541 15715637 934732039 421165253 13998034 179988586 277349183 682832299 217226360 713803821 37353800 331509481 569891309 510142657 343108405 175941101 241834801 226969958 434317431 347779272 762064995 130137333 820533587 133452817 417509603 124629896 398683925 424044968 
847146168 427018385 930897998 669643663 958124081 600326188 633507308 770077889 415992713 868900015 769640808 625441170 421741622 194878933 261019990 480591780 317367160 692543049 955941143 528043611 186159939 475377988 748164815 876368993 604169413 867596468 808041646 500854861 861532762 886773463 835131227 218987466 865129431 803818715 680556609 780876713 570983539 349210622 926620531 889350199 665278672 347780566 799219093 312980880 950768874 863312666 676709265 468143121 982132187 725875463 931842151 270190718 978276064 705569189 814022452 908082400 525909387 827190270 647037075 892158858 858868252 533833889 827079212 656008103 646606220 783331055 715948760 608539043 819364728 858355403 526604691 776154571 746987949 958639683 751332549 447643709 243087223 353574762 872164212 802594357 571702586 541514296 852870651 323829866 992615678 366978360 630101379 892969290 639367900 519324535 989272133 266929890 848262502 327861545 336091190 243954253 946848261 386051459 309132753 818942573 915887373 325117640 667099932 268288686 952637642 882964083 159707872 742811099 424541550 941698268 994415807 956531316 620115394 219036243 856248264 837605298 968281422 967919039 738075894 210826370 623148045 435926857 479171625 615626550 985354556 974745003 258515318 479347468 451370592 986016743 793195369 957456871 576260537 939690856 840192736 806744610 468661016 558673194 610063645 613983517 436365777 637779782 972745843 748851896 927035461 574006781 926078764 935120013 836414560 631921024 
150
73693887 544338665 405984617 546951904 428890218 105578178 58466768 195889400 314962026 30635057 123420028 219382526 161691697 253923147 208938246 475737870 29957912 291960514 745352878 131521041 544074861 236237541 674604286 285570278 60474732 201176787 73696791 394722886 255129022 288110952 256191770 255585316 500868395 570341669 384006175 154772724 391270121 341298884 75354795 148201930 149819531 680294402 42804971 453553386 272276288 402369008 132493112 360769709 418444348 101896623 101320840 334548877 387544658 531284112 145222826 341895238 221369041 308667458 70624416 272916515 189916645 130156113 308997743 610319742 529746136 306962561 21351429 526653427 520528584 81974954 56633765 271911043 36637911 215171597 765372339 6978125 90012372 605440252 44526020 141079217 219223783 17256130 524713758 141203942 268713980 460791553 486054932 177145143 192868269 636602351 221765559 185227478 728503451 460374422 587481559 283457826 316086758 253663532 219553433 200603100 408288192 191589584 497864305 12245783 896186495 175192251 8829006 335770359 189578076 55485406 589376259 283660340 107353971 65571417 4470834 254788085 353049313 243307274 529868249 799717181 277981134 123050689 52373051 767615177 486405610 232419843 527946690 212148808 443858193 441508399 341254803 115014963 809868540 124651210 245829603 104074882 828266197 986763040 547472641 47367928 699150979 86069430 882970874 96633382 29043247 257081704 11031621 244739975 168761307 616119741 
286549729 588371105 819112302 634873251 661958140 292390096 467092464 986848531 799818011 582677140 565528976 646151906 966415758 988339355 787626988 961369027 251802049 965155350 908770173 598144196 929675909 666770195 732141496 581437767 253218303 777568528 420921427 487993046 764688977 497561919 865861072 522014996 787998229 587232692 777094621 905672102 788229211 419673390 323809318 215091956 467133520 995806227 960849897 912171448 952185541 859561969 378534982 609353167 607125592 251424214 542348861 949683044 629765896 622748556 973186772 750790855 294449208 640606610 526381706 989379231 886173963 839992568 458534737 677123662 608157679 750987206 367371261 981172839 734306884 704685971 430458117 529331949 818988691 383867699 822992889 617630035 835814270 663463454 582521558 856877532 927062619 736702834 907903303 382502622 872627018 938370743 912689246 426838600 436312843 740375937 857646065 404712417 795515843 957921966 760293851 861060675 884698698 680733253 691496164 430069178 664443501 214359829 523817599 625626600 928642381 538166014 162094867 406847344 364473195 975364968 990431864 634975173 951513951 112064339 640005905 361729151 474630956 629889700 581520739 851061648 613484599 851214477 644542861 875777830 907398069 669497247 532255163 998426739 942677195 462628110 498356197 977450637 892567112 401836030 633116808 761331298 935090556 991072299 565824238 405243636 996368586 903807915 940429515 316532677 452866364 801525546 120253998 260542308 608727853 900977178 
150
271373654 345591871 338263708 209531149 357847064 60552587 242674771 119987417 105930862 519012192 629455781 629791289 194613242 644793906 256394055 257533757 150857363 494345731 78747808 502075333 384660656 271542672 547233352 270413374 192938612 599885038 792043354 537722978 653796759 241721218 348927101 173892138 190816782 662307013 126371460 292069037 739971511 320381223 319241077 586752838 145642177 499772128 21236083 209494270 80876096 53155804 644412205 4886758 94182568 367429259 484380186 117199619 500296611 255536259 664833824 41852381 266768831 125776035 492595050 155171952 137451303 136055291 289748867 46092498 431811309 155950273 238777082 181660882 44645706 384871869 647584667 120985105 335844887 796110575 211911304 616290574 254758769 672133480 223068867 682987511 335836111 139217923 843627956 54262296 615683194 390343369 496109829 162119825 705480595 772005456 275554110 653367718 692418514 2456526 945726056 174229584 2131766 57809377 27649657 101978468 604595263 133505231 745545075 127621456 538184005 116903777 383508339 814805521 144735376 468214453 220940400 877185225 185327313 107644563 627420438 182711283 170736763 273636657 365946999 847410947 94370632 826874710 188470466 849507042 29649180 220797885 256931381 167245603 662472880 85683902 467527075 320585494 525778574 389878249 18168892 83641590 437980460 169699863 729109707 36785590 273672073 174180071 135275104 397206454 938660742 14669546 599304507 690608644 134116970 285600601 
733027145 500229573 998298358 405240946 613556681 252636612 905287982 167094475 370771108 713875857 664030880 898097995 407453434 884348451 314643555 811358357 258019577 837074155 522133824 650767707 568364755 862538149 571480582 587218278 196626587 965599469 899196351 561198393 990529782 305907104 762692928 477910435 693846962 713440370 809900087 573356310 986860400 875718283 352229030 629233156 678009879 642919596 930170675 829581689 98297632 275217004 851332126 660731444 209346309 864840435 556240328 498662607 808887533 441929232 794411634 635220874 898830753 790835313 974519780 196008333 528559933 710243486 747111583 159894446 732306959 575177762 810526405 722362042 227128950 448708046 920141064 351765614 640781123 965099136 964268078 911169000 319130467 743370139 858292322 696707788 635282075 966597391 856325351 957139953 725047285 663521473 649640087 357714899 936440284 956363117 533377049 835122793 781866711 242951537 994195629 617131687 758508723 178415871 148580629 707766722 661257242 390081025 828472923 148103999 764863149 917575937 498468460 980489697 596700333 506511635 843923533 994475799 400638644 562587177 690628178 311518495 507070058 696575981 495977617 962680563 670638002 836653295 359388945 916909441 965195859 533640636 551310244 277359267 767845671 699501805 952153169 547470173 537644487 598704131 499994036 218113360 529506144 306690379 893808487 525975167 945444323 550807808 501631834 495844044 984260832 946525050 988538928 981430561 823404836 519178626 
150
270514956 545903076 355117605 275824408 734750336 746425583 339682949 100470963 606636084 697596427 602941863 174251713 402049407 433602289 26130121 703141083 227196663 72300932 380609213 149795021 201307398 279307918 178168338 357201053 417064590 448073315 554543077 738949713 375943370 193506472 20034750 656218010 874676445 268874739 545899233 112872488 364164870 528221965 923435616 709512213 321398858 403618045 329154158 533513258 21168561 350840218 437315634 80182040 309882695 21660260 289266620 215490247 147381082 294704608 202996579 331183811 269311380 421548676 247554234 809036691 546553917 662138977 146786762 541117085 126006019 650909094 192780175 474198741 565350781 204235321 239727745 78670733 9026560 252561189 95814467 912443924 251928715 124196876 491456108 402281910 257566294 543197197 406627235 695361031 30955589 283066726 60011152 324324763 88934190 419250958 600069805 532458079 106656476 100953966 180284889 96776063 333137466 187628879 162350161 653828779 484923521 294590543 199142606 10391388 412567482 339533223 28620726 692559367 64507613 50875167 427969096 255528355 668564106 142801033 404358308 336122451 465933393 129200353 366195585 726682007 581932216 303088561 189786863 62774094 137600602 706546429 311848840 529564594 148467434 168928455 718166509 55822863 423210465 11556502 29424047 29066451 116466894 401953757 71308943 315640043 135050530 16751915 176639999 105956541 24289013 164106758 301298222 549395860 378210988 165541969 
437605110 660937274 942990762 947704058 939419177 751322196 564827682 138128886 716374776 786965444 768687764 911802725 574403639 986177392 66865727 765024717 891735776 900025575 734919940 776984420 926382261 982079904 831181542 967053521 819721036 875836167 913635514 758789910 487348556 329639155 98844629 669698509 990959370 461533635 683006607 368036258 403452966 600160624 953046833 903590735 824356399 623268184 787208391 812019777 595360846 751888349 723426013 460755368 921582666 131167466 602450611 852207883 760471818 819841712 235560227 674665147 744990248 975262785 448473657 903119541 781821275 800393085 632379274 724157681 448960345 699511053 793142308 767297636 880620245 334197543 917524064 756423564 747391915 417385662 321550720 926784329 519086355 331830049 575131994 774271710 341109410 804589954 793009931 762351566 918013889 656176883 949074663 799614110 238377900 812708127 619022063 837825270 546308840 729720560 370265837 329401597 890358132 957213518 982413051 947748231 655399606 639032082 777739696 327980074 625531331 471607304 210979895 720484359 146927172 444754866 499086112 437077630 993365487 186952429 812020373 463171424 486885747 890140340 497012215 857964068 730463985 308055152 831095429 993279818 377076749 725339428 874123044 735876842 621425869 565921853 818749982 79187660 598362133 919957585 826896097 793766580 386196821 705693546 686804000 950076401 578209663 280319374 337967691 885125055 460519301 193067371 673014258 896730206 791099397 588719454 
150
251100050 184514681 242609750 543530205 72429009 726254466 30815041 93610709 372752048 74309350 367368158 258415362 386532534 596481823 322782744 635684884 232892701 688178485 731785579 72995654 544096891 43097829 734664695 496538965 644961449 799538582 210005160 212258156 277849212 358001156 41674666 413083551 402370538 139228833 104841662 10114773 307549925 573908420 929001654 283382018 178206007 344070075 470548071 280926791 220867894 4292816 488950257 798377675 157289037 552659114 526232274 661052948 143128606 154125110 454696125 23498337 319967041 61274331 7026169 175640157 115116004 177217 136193063 347321774 320730454 194788451 138014870 78596742 44184295 38529886 102186692 617471351 28149442 579229267 624246721 537470131 625112142 11646705 572887451 123537179 580200130 160845346 115918667 248432584 141372602 116121613 471863536 4894909 238126170 37765203 624983660 276327474 87840932 574656987 115503141 159757979 503731036 96045650 99601945 392896140 741364573 637707429 381622753 69178948 603319876 142663767 335849326 179162083 372859389 250741337 39250924 262656960 365935839 13826758 351149838 306070507 514224668 68626888 62542130 92408303 35359950 28826187 619485182 267579253 19191949 29410273 110378641 193532177 417360874 354156248 244185211 141418729 862671550 307749185 407172673 565026296 36145106 168674037 316402660 266128822 594432687 163815417 597034374 706035064 266317007 715049797 358771161 506749973 524815048 359608129 
678123815 729034402 541972081 817888919 749161111 864095364 542286940 967700740 417224589 984657737 891691748 428032644 568413060 841054315 335589640 897253596 821368140 999883218 879308350 402923205 829931662 647943887 743436974 804095674 650561330 895612289 533591004 213188547 347925720 447917804 656441120 779542830 630686588 869946532 641385245 911033326 544253786 918714611 963901828 305424588 869246212 640454282 756342539 284636618 756611912 600536767 853593650 826523863 868955800 856901546 890277817 900733537 917267830 423774636 906538911 554609569 627097430 902485204 666503594 424476563 640179124 11504301 515828790 836727569 365699541 966500606 486211558 203133678 578315258 237433952 939809562 787775047 395132122 788925764 792111355 578560410 992599432 621051032 780941189 275824587 766055312 835214605 997128702 952748148 262673660 833182267 494354848 820078644 447529904 323124108 822201579 828625132 339632342 689359573 516448454 544253878 542146120 456495697 347510135 784013227 984206655 860117426 416980769 872805886 729425573 646845713 869564881 940213061 594094292 868213292 474365632 418106206 633476473 353168732 489699780 847009226 996854384 259054973 347498536 673338035 133382758 363968324 920968536 493858427 385720349 729460052 578864534 570048172 700321761 828824267 305214801 798243844 914919517 801970326 546892884 836688594 703814394 536047881 628338686 584859349 813870438 204659673 912547277 828890029 428443128 835639010 549720024 591242294 720255514 423253786 
150
607547881 25793178 139833950 375108365 49203490 350407384 245871856 541220945 343654429 630658366 779591771 259888501 158830254 624463502 83338660 590343896 185372062 108754249 495026673 210988071 843546836 854822522 47584622 305548411 367997895 611581324 27913710 91861706 46237269 62179256 606314846 797491782 242170767 153951451 613095843 352884729 585559852 78061688 283039350 546793553 550550334 20739252 161473024 366655828 658383882 385015352 102251619 284901536 306717528 126598699 835519378 205101113 164077153 118123832 144479644 183429949 347454981 283011413 320915116 737858589 502613589 296431115 133995975 661065156 216294941 852744241 644853963 293425448 486790557 174801385 127417180 260729489 475729868 18241716 771940135 939839313 96457040 360584890 59590312 444339415 406083949 602566015 176972039 52519972 623672647 77408954 650984352 148825025 41044430 70288812 556736636 402797697 29016629 121175417 430344873 339519313 703570070 22829607 295381716 59131225 623867532 200828501 70265518 441532440 155642325 643642653 713498158 21414289 52209662 676346102 628335058 3662015 554691909 467440427 586496898 242878101 6562100 203012191 267693610 568713091 10005625 28029769 516337603 265113746 126105446 171270313 453058820 161869653 160380194 372229302 99847998 533730202 341948688 348273777 639608737 168119823 230572783 707482561 434311563 451154624 342440979 582813644 536187924 167705622 532696643 32349840 3143679 96022619 144792091 335646039 
992176976 916997180 827036432 801265383 599035175 855092387 760780902 805401004 832032722 890867957 920801648 957664960 194942279 889478947 703325596 720057148 693086671 266415916 770675826 895946096 950193832 875374017 747969149 318149373 924471525 762247891 397086025 979467054 87418263 422897287 911165677 841979368 352900707 681976566 821233531 986338074 851859842 703367442 894761842 828282309 800900610 89158249 988963985 987247317 799346169 968013891 174061278 948145836 676177010 546384237 880649422 910616971 990652276 909605859 446659259 621883410 849709271 367621398 474279874 914547909 632926901 320422991 189285936 820282734 443846793 936377564 655177849 967085323 540428344 462881928 573162443 307571853 529809312 918791097 978738192 965495232 317477830 552380731 145296314 926705343 529079086 677643699 762888971 329930759 632059517 259032362 958501896 513250676 95980176 693177431 615593941 731777157 817276519 783897862 533702220 628404644 963014362 524908417 349438607 204139405 650800345 296682567 622429725 583894583 953874421 713205015 906969715 372973993 621365488 834883997 803735171 823220751 786612257 590541332 912627283 799675259 674369683 711080908 725781219 592865054 12323582 979321020 768714260 603696573 525667221 937296872 565709318 353900615 384799191 674772159 914142125 541407899 963794244 447541940 683055987 414413416 545250922 714175956 828901739 951599614 876566941 835896508 735818327 897264424 694829232 863037874 23020884 938913298 323152405 702190168 
150
575662300 30683580 657879361 694833163 77237860 413810503 49881781 352865759 465859364 100716779 52779261 66889045 210435482 570028761 637048504 240181137 460304206 749538493 72164337 28004345 558278211 306398113 61482587 399918081 860611776 194632344 156514539 64292280 124306516 180308104 288536920 450725922 129272860 734056563 365857471 287158783 220611450 179991950 181270449 387534165 820514967 717642993 401459968 706283606 142353080 64768444 835947609 586051924 409793262 451064710 373288793 47418047 8379075 430915913 45759844 229574806 81993 534271272 604584207 120659072 247368131 777385067 534135635 204606886 538656772 83938647 343210502 259448085 140821525 928304847 135695661 218514839 249743477 151198143 139084330 99325463 80410697 503669642 569870 449612005 452886512 395695726 350558521 270161518 734531734 761376320 281904999 29026311 296589703 387929653 722910522 459900583 197544380 292034018 449522733 145731419 476444052 333115485 683714388 110249571 10425804 186467807 651916848 88413374 256317950 154755794 100203561 186475569 362295637 471181794 248820698 741720281 261365223 98147560 203609337 33288512 55380508 252232071 276748566 266747086 286787350 393386766 37995299 509666096 400712261 510097809 354864789 212605796 232357729 152627904 468096265 966274822 489419344 206668025 406153865 184367150 319044167 666005171 287156255 613999703 761606914 154049828 570795120 394153236 43933470 242755810 348662077 527622560 234519581 297997465 
591706842 736539986 743100807 933670392 296931742 666935137 474492329 547332845 591314263 958682035 407154900 755223241 591047175 638500839 803376316 289216529 944726709 918986029 857379265 76694462 855171131 402020170 990465124 438683548 906869411 633599988 614970954 738298421 747323188 621371997 633956889 830230980 503979900 869766657 888496959 738047814 851343655 799999606 317205921 615927496 883206162 995758565 666480588 719019537 524485588 284431313 945236600 687872916 530209701 972637886 701778945 311969375 512818828 466081046 117771591 477189570 23241972 744040143 926447569 575730662 445149153 949757083 941833339 932315634 669472649 343201858 910862493 795705110 574695570 988948155 656076773 717368926 264411059 718990529 477805505 555418274 624972874 751067757 53775124 835004313 657550123 958137479 720658070 297789394 739220720 882680798 992034613 770637692 816692446 463252151 839680050 667877939 986939308 338175120 854791026 320223548 642958863 796631863 995101362 318898942 968550780 457531828 911338279 984345939 848091831 469530680 134069774 303499921 957586710 565980442 847410984 988088411 357216860 635819562 391229590 320898758 621475194 389206342 829005531 817296648 514407210 954164742 632621811 607759002 988700892 748564995 714897054 833575263 559046608 790054855 978019794 967943997 740289717 934458174 413665486 692518131 857062610 948696305 767428675 964969541 916275917 807481393 776008912 500600770 371613690 300458619 745817136 780198907 511811457 702719707 
150
52942165 387211263 235954919 650847972 146953943 62454128 308452583 574390821 422676567 105289713 25136018 307824812 186086710 529781104 54090949 3031949 689141734 410292663 102218684 189519701 647719653 199143499 58051392 90390921 561616169 642029969 240664264 214414020 59958676 156746453 238862848 52643663 314902217 519496783 748561823 270476667 371372428 413130743 269708535 360068765 477464197 45282933 375160551 48618971 468238268 304789398 53376487 314982304 301074490 686158740 453296135 117216614 344553270 374412250 404979036 604192411 97137084 396183595 320100852 372174754 306257178 128549925 270463140 149507094 362370351 85324563 381219453 216813533 620934965 335102325 109890356 41991761 102617923 33844420 574007575 192650969 201133441 229258773 630477521 177306242 33201327 491286194 122361652 184622880 757245734 910549252 32528648 263424843 341152164 347348341 450865709 207418338 770463318 239127332 138273679 57981737 419730646 319486817 494919172 154220371 539925092 320371754 44173599 349620289 83036189 477115647 138757384 410104210 406806568 45743645 592785018 65112246 313589214 29647954 899625733 7698724 681010939 37597388 473240308 775785381 529097387 487580322 282078673 322998269 429952944 388472105 160652009 363260829 561476835 456146319 232097058 134518775 261006044 135193293 50140282 611277165 810696488 23348722 59653628 91520242 587801888 268024895 141977559 77780404 250728336 341087092 592397398 153132105 706079766 92695434 
902682234 694952215 699927161 865068745 171762822 641645427 860915179 616749207 481082066 271445207 793257362 635595611 713526070 862259811 208317807 391609975 743803764 574423111 122807226 249674488 678138537 461039119 383103449 786474570 862603428 879729601 506203312 746420089 925147896 180842333 820965451 875652751 493372597 759644497 782959050 835117529 800756844 477443340 972430193 787729221 608948389 991588219 587436533 139810503 856669524 309455894 819187395 725462277 963148813 872881355 842268949 143734740 593620091 601872957 840389796 895594883 497628468 823917967 689129092 492421523 990662944 739053977 803546688 582641501 698417978 132965705 445374957 893293920 819338401 557007282 340245396 534885578 868933503 424499694 969705942 509546724 676897686 888904303 986035027 772120304 387945347 628740812 265222853 527221786 894348375 930729708 811767233 535938586 560109599 452288311 833114458 759395075 776031085 883563050 624506949 763006072 643875535 992209548 973778200 616536961 581193396 759447073 585641797 872066880 697181164 583677513 426099784 445116840 456707617 128495545 927913918 883230290 751214547 160638819 999870317 330472114 899811407 365439893 913549473 998592210 638649302 679699233 897105806 363800604 923845711 887679063 755203519 489779545 731881975 994582445 431248241 359119806 842181352 949756105 917045558 637274795 874685364 71738355 412088398 290704043 598790818 989668516 831373531 651610982 339883830 813907453 622471820 223746415 727075087 794289439 
150
362912916 88700991 33349211 699321179 255729172 657277742 586532730 71992873 827821610 50216068 449825005 682904956 616275833 563979370 188842664 318892224 169063407 199777689 696062163 555585120 83018135 753697617 417930213 74795621 61320231 77516933 392749898 203214306 41146370 711037492 253447250 445821725 603591549 31608692 259088073 492150978 184396615 207182112 215819525 463705675 124208117 638596956 254932128 307471586 427823401 41561322 277479863 4810073 221159011 741752288 360475321 10344305 198603641 324789690 623440191 195514932 426912852 33468859 426979294 357451477 301779406 225108022 547760562 309474296 392131082 373110236 422624135 109155488 129394562 460832606 216035973 247314783 453429277 111972674 200988537 171854874 253959536 426196484 182503116 819343027 134406233 5300832 461501976 201432828 190715720 378907122 259720006 585773418 485788630 175823527 147822932 7797683 850286570 264159127 64857067 763378283 817461891 371698256 673190579 412033399 742442155 780614382 113077504 348290780 427890390 86214253 356441850 115500598 72335177 722653338 150811422 872587012 106369431 495326738 652711336 48922687 473810496 73712325 842837002 134855859 693676068 466393976 694587024 226521989 501501120 661408914 496532639 174386022 74094595 89695980 163920702 222647622 447733439 743074638 6912233 55928683 369238914 664626948 139668739 732391020 697144224 234888412 146403134 46142050 311949727 638422738 47227987 80338401 108670122 651831574 
406151068 874622607 186849173 724305895 990013558 706073043 647575457 811857607 888727871 754324246 527084500 824071890 781519046 971331526 624454544 490248350 996884713 437124819 970182291 704849068 946298013 974109915 947940290 809980079 245431514 443483572 825922778 660440402 120490256 956142182 479006293 591101135 819268723 94574954 369388892 987706794 522135639 314297142 926159639 996461673 315779725 784937013 956108295 627485915 723682212 447967982 599763837 435831650 381888698 963905113 655817010 230037331 941173377 862188580 866841252 441138962 724678591 117811200 920585229 814708980 914089811 273330957 959796192 426406637 528039465 717904760 783003400 171778101 434348445 805897428 675985088 820308608 687340298 860354165 252315939 183500372 388508645 583947819 214877709 930102852 545403843 392901102 723040117 909545925 658739277 948537079 764065466 676325787 957402910 476938777 896366400 47188653 865551246 897822125 566664964 862289417 865922138 838466916 844762926 655283454 790080126 925393552 785615137 602218759 666588532 222331464 520494265 373971641 310234199 910395023 179337265 930325061 759186220 810955284 931230456 504139644 920789035 465178609 971426855 804882571 845141604 757772869 961101583 667278677 557583558 828242512 993067566 909010911 305853141 518389653 301602409 889566859 515459056 768908828 789475333 227649061 806002070 873147533 142349137 765433843 796460387 968633291 754862331 541347423 756709922 884726315 47523906 669073878 826483249 778448323 
150
495326136 127292934 184025406 195782961 218570346 115890530 641569025 303695575 732915122 86084319 383841820 129491035 93066726 111844179 153819884 59900326 281860588 30412556 152808020 450916574 550539518 388153834 531706629 168849282 238437395 98432798 119372735 761595516 461496334 634040853 174247395 369916103 31794402 149148249 98011521 290751750 698144286 356022401 297676895 56572173 356583897 458179818 539482032 527717271 117387170 149571375 13254896 49730092 618241703 461404238 314794852 456692773 85554597 323052414 523301382 523440775 188946482 123154447 91768362 52257015 12675008 258595968 56784176 96128011 176594151 231585338 604809852 529007998 721316727 516682606 69751669 564891929 953174309 233362412 402189664 177780520 342350475 225009394 304353563 499955721 542887828 228738731 399254818 572709019 60478143 46375412 218324490 118803878 204516815 54289025 97382040 178038321 589254443 719733497 811702271 707880955 580344088 651892784 346988187 66933799 265164404 665464702 523011630 734326387 535607098 147957759 294031804 743639367 19115162 278638416 64883044 175921185 317721473 821503944 771776077 525996794 238550125 135542772 63331999 506108638 780488839 194418763 290781435 200670882 224875449 427003709 12021059 444107208 409860651 760524576 140280071 8599570 121103833 625672632 308670008 778575969 330339571 250420009 50428799 33212038 69958676 47861798 95593069 351754715 139138283 363483897 876821555 765695436 176543341 648385553 
999978505 873900623 675908528 648914918 566107458 754861727 869492408 941624828 830340188 760946712 821676843 709247395 599291004 534247756 394204192 319986840 884180231 717460536 187991991 673899942 602704614 837021639 700364793 437199943 550874062 210400994 296177453 864302013 477706550 726548523 490042373 679551850 194966415 618110789 462655308 684617273 962266588 501271717 970401700 828874979 561097743 791064539 991265240 818626282 632154718 466608857 698114900 524537404 950619891 635423312 415732825 817279136 396482552 790768435 941896179 773521907 387536175 838863522 136599199 624461043 50579545 419496396 92652077 279066233 445953507 961348501 734137868 843649195 966819514 637541297 381133585 764257077 989520139 430056246 556871345 591503049 600143241 244543173 406275602 691420601 610948454 690894391 555155249 768512247 624912060 655462587 436879997 128872717 828188584 396352702 815957153 976024634 666495197 738401710 896701939 943587372 853406545 672655570 377048549 770386966 978205289 852727955 977142271 775441713 912712341 863275310 836388539 953600016 802768392 728840203 984710458 647440757 731971540 949396007 989387942 664350856 294558378 730642419 745590528 952059178 799684914 545517390 794884759 675595110 293956083 528750095 156912293 968268398 567505517 920832565 887169196 96047639 700184395 635226374 662094309 838194356 429624830 943122714 633333700 735510452 186044648 827657618 615982706 638104654 313459761 627572645 930863622 958184384 675251793 715219683 
