10
17
2 12 6 1 3 13 12 6 3 5 5 12 2 15 4 7 4 
8 14 9 12 13 16 15 16 8 14 9 15 11 15 4 12 9 
17
2 3 1 1 5 12 10 3 2 2 2 6 1 8 2 5 2 
5 15 11 10 10 14 13 12 5 17 12 14 15 11 6 11 7 
17
5 3 8 16 1 5 2 8 2 5 1 1 3 7 4 13 6 
11 7 16 17 6 6 13 11 15 7 2 17 17 16 15 15 15 
17
7 2 16 1 3 7 14 8 8 3 6 2 10 4 8 9 8 
9 16 17 14 15 17 15 8 11 16 11 8 17 6 12 17 15 
17
11 4 1 2 5 5 5 1 10 1 9 4 4 8 1 3 9 
11 16 15 13 16 5 13 1 16 16 11 9 9 10 3 4 15 
17
4 1 11 3 8 2 7 15 9 6 4 10 7 4 1 1 4 
10 8 15 5 10 4 14 16 13 8 10 17 16 12 7 15 8 
17
6 12 12 14 9 1 9 5 2 1 5 1 6 7 4 15 4 
8 17 17 17 15 12 13 6 4 5 6 5 17 14 6 16 13 
17
14 8 3 6 3 4 6 11 5 14 7 12 10 8 2 1 1 
16 13 12 14 12 11 14 17 5 16 15 13 15 9 5 12 16 
17
5 1 4 11 8 14 8 12 11 10 5 7 4 2 2 11 2 
8 9 6 16 17 16 12 14 12 14 9 17 4 16 10 14 11 
17
14 5 1 1 16 4 3 4 5 2 7 1 2 5 4 5 11 
16 8 4 7 16 15 3 17 9 6 11 12 3 16 8 10 12 
