10
150
191951413 678741196 551858705 601823879 119259288 407446712 746736647 591203720 694078896 961978091 668183035 475932866 319788265 813816250 398706633 53466056 93871712 470641683 317916696 432226024 887223173 214909013 996746103 329491188 338807201 273058428 3372374 570657660 360947033 321923721 472659450 596570403 544811178 27938388 346707152 227455711 697756401 287496075 22032831 41225874 242138033 686077476 139900029 618067369 372985693 723221396 486634605 669517305 142412759 384910208 356558440 300106191 544654170 943584173 886489333 498960996 282664930 306232015 606610940 724030193 336063468 929335529 496221146 800560885 519885026 801128604 103406880 675537985 962547290 143367483 786923628 552135977 980054588 132961196 467481169 182707433 748155157 970678445 715753205 668593692 866344717 404136934 404960822 37762488 142515493 250951545 104692431 901536662 221710934 834590448 330860925 620978626 26629516 289325292 172252286 65542006 828860091 172185249 120660709 513995710 701162700 666860660 240156002 417532562 81943077 34652240 82094386 466356521 278990685 943037349 584308341 305147859 956416397 448575359 302147231 902968746 901826884 706688186 264237889 500355593 33592109 440908358 687833579 192661785 329351581 524901606 295996683 303050815 227517912 221666392 291076292 397159310 890844998 552432379 346434422 500566360 435555770 521856255 387431321 827995974 537958120 35308113 701904412 808108307 846027840 180375125 145736580 32138893 589016628 11147710 
191951413 678741196 551858705 601823879 119259288 407446712 746736647 591203720 694078896 961978091 668183035 475932866 319788265 813816250 398706633 53466056 93871712 470641683 317916696 432226024 887223173 214909013 996746103 329491188 338807201 273058428 3372374 570657660 360947033 321923721 472659450 596570403 544811178 27938388 346707152 227455711 697756401 287496075 22032831 41225874 242138033 686077476 139900029 618067369 372985693 723221396 486634605 669517305 142412759 384910208 356558440 300106191 544654170 943584173 886489333 498960996 282664930 306232015 606610940 724030193 336063468 929335529 496221146 800560885 519885026 801128604 103406880 675537985 962547290 143367483 786923628 552135977 980054588 132961196 467481169 182707433 748155157 970678445 715753205 668593692 866344717 404136934 404960822 37762488 142515493 250951545 104692431 901536662 221710934 834590448 330860925 620978626 26629516 289325292 172252286 65542006 828860091 172185249 120660709 513995710 701162700 666860660 240156002 417532562 81943077 34652240 82094386 466356521 278990685 943037349 584308341 305147859 956416397 448575359 302147231 902968746 901826884 706688186 264237889 500355593 33592109 440908358 687833579 192661785 329351581 524901606 295996683 303050815 227517912 221666392 291076292 397159310 890844998 552432379 346434422 500566360 435555770 521856255 387431321 827995974 537958120 35308113 701904412 808108307 846027840 180375125 145736580 32138893 589016628 11147710 
150
199257772 996735563 242104686 356956323 315725911 368550320 889801284 788952438 539998369 735150082 42387075 453896850 346951084 67082848 543124520 886237456 71092673 516479411 774665060 531221114 981578250 813510689 664826769 137164018 806036198 454533917 805183516 42817960 379859553 488997390 498658265 303971069 464898566 406160680 19324757 208699879 944527710 652408237 213676463 624960664 262146827 815582035 764634681 831568692 61019357 21447720 564407287 924365268 799706651 609734797 273728184 783011981 302440178 509352319 594936312 186875500 841968940 357739576 657245512 189859299 713699800 536102603 414417127 979040423 424391125 845567706 682162065 514519075 296042764 954925304 580050068 997154104 383284535 957115798 92718207 900649413 228427673 541857408 520497829 708164368 694998268 501038560 80894350 603664365 558280865 13076401 682963485 491052008 367268531 279756301 383432812 910110187 335748642 302762014 592507650 214979424 460330297 679950313 828288267 711347603 281752078 338616033 165005711 681936908 389043784 272284129 548101668 484175451 861845401 68337443 114318846 886069029 5162949 186903140 371706465 54387593 594825043 162337145 755698904 466906965 785988689 401732752 471931100 580529247 902278839 985464124 828578302 752245391 440333941 249559138 488962222 837276824 555845166 366694094 876523301 416370899 155461331 546564293 543181745 279525592 502367108 919370427 618163831 422665748 626067834 967255649 66745301 588806529 610827917 720468974 
199257772 996735563 242104686 356956323 315725911 368550320 889801284 788952438 539998369 735150082 42387075 453896850 346951084 67082848 543124520 886237456 71092673 516479411 774665060 531221114 981578250 813510689 664826769 137164018 806036198 454533917 805183516 42817960 379859553 488997390 498658265 303971069 464898566 406160680 19324757 208699879 944527710 652408237 213676463 624960664 262146827 815582035 764634681 831568692 61019357 21447720 564407287 924365268 799706651 609734797 273728184 783011981 302440178 509352319 594936312 186875500 841968940 357739576 657245512 189859299 713699800 536102603 414417127 979040423 424391125 845567706 682162065 514519075 296042764 954925304 580050068 997154104 383284535 957115798 92718207 900649413 228427673 541857408 520497829 708164368 694998268 501038560 80894350 603664365 558280865 13076401 682963485 491052008 367268531 279756301 383432812 910110187 335748642 302762014 592507650 214979424 460330297 679950313 828288267 711347603 281752078 338616033 165005711 681936908 389043784 272284129 548101668 484175451 861845401 68337443 114318846 886069029 5162949 186903140 371706465 54387593 594825043 162337145 755698904 466906965 785988689 401732752 471931100 580529247 902278839 985464124 828578302 752245391 440333941 249559138 488962222 837276824 555845166 366694094 876523301 416370899 155461331 546564293 543181745 279525592 502367108 919370427 618163831 422665748 626067834 967255649 66745301 588806529 610827917 720468974 
150
89655740 918912978 162437594 730560195 183688080 936457293 293101599 598863879 439764348 934012221 415275319 861691182 271954106 401571219 874753012 826677499 640453173 946979180 223944055 637493499 791595508 360863693 414985208 784701991 423116828 638531410 229421990 753522416 905561959 188931330 198219605 442999379 420810145 945976800 965403353 69945172 207323815 546907459 732916274 446167247 597077266 807180085 849802238 464171381 161187394 785941306 250079639 890609054 700322397 505027860 112932801 968859951 765490606 17556899 827897898 297623126 292906345 136644917 321591770 320925905 966864558 764777504 590011296 338994344 739768443 714109251 788799185 92525005 716370200 200524560 184309276 695797970 586780016 668618209 392207880 169827344 697325100 76767410 458401508 536859306 10666520 206776235 354396987 851115334 176546883 839093672 141789057 424094385 361684695 970735343 384389587 825701935 585851431 70109831 667170913 78523071 326850651 855971232 28820452 355379746 795431650 231334389 262609492 451506262 820706837 983867822 338811248 372396926 159577203 44748022 63349044 559961938 698196972 575195530 796623289 407058826 7670318 194045208 550285378 564900497 26283578 605265447 312551419 12472701 655136828 70147700 927124497 211046206 288847581 426849566 620982540 516821853 695574320 253585169 485806685 497931777 361584397 956698878 250529734 58526697 163872173 118649758 593099392 439118197 725015818 299669452 74051746 933828182 324023288 494436323 
89655740 918912978 162437594 730560195 183688080 936457293 293101599 598863879 439764348 934012221 415275319 861691182 271954106 401571219 874753012 826677499 640453173 946979180 223944055 637493499 791595508 360863693 414985208 784701991 423116828 638531410 229421990 753522416 905561959 188931330 198219605 442999379 420810145 945976800 965403353 69945172 207323815 546907459 732916274 446167247 597077266 807180085 849802238 464171381 161187394 785941306 250079639 890609054 700322397 505027860 112932801 968859951 765490606 17556899 827897898 297623126 292906345 136644917 321591770 320925905 966864558 764777504 590011296 338994344 739768443 714109251 788799185 92525005 716370200 200524560 184309276 695797970 586780016 668618209 392207880 169827344 697325100 76767410 458401508 536859306 10666520 206776235 354396987 851115334 176546883 839093672 141789057 424094385 361684695 970735343 384389587 825701935 585851431 70109831 667170913 78523071 326850651 855971232 28820452 355379746 795431650 231334389 262609492 451506262 820706837 983867822 338811248 372396926 159577203 44748022 63349044 559961938 698196972 575195530 796623289 407058826 7670318 194045208 550285378 564900497 26283578 605265447 312551419 12472701 655136828 70147700 927124497 211046206 288847581 426849566 620982540 516821853 695574320 253585169 485806685 497931777 361584397 956698878 250529734 58526697 163872173 118649758 593099392 439118197 725015818 299669452 74051746 933828182 324023288 494436323 
150
483567487 900949660 892459487 469607836 124216627 967169774 948139998 860208467 585690718 379862538 300944276 40216928 852930533 7576089 264663073 920756017 564453524 735445430 857242256 771759934 83263699 641916601 354939218 502255599 616387319 527609704 573285668 497718619 590223022 157941280 420635873 962010094 761883751 700078627 621742914 646752345 242434350 458141850 987938481 700950002 131236814 765070071 288694807 771571179 488032761 582779265 698277168 669905264 727413943 344479609 390905982 714972835 728743121 776954279 48064373 858672133 74469410 755381179 464648572 897581494 349232417 711820125 258166041 285026956 477564742 207670533 899999574 507562078 8027084 705908275 513190807 423665291 893282510 831182885 95643485 611360539 273961535 533210672 774435781 501576838 203046285 451474234 32259059 780477476 876212965 661899852 100742188 445514967 62276756 852719068 152260369 281642299 828392631 844826861 737265062 883654168 868046969 451129582 843515257 29954974 82046072 911721981 527015591 791928947 403501878 180698925 971685635 696317761 778248476 483664690 874432863 979551168 777215926 574235683 330846706 108276589 928043595 67115587 563066710 902442601 735553568 101619451 720537827 755027868 653288686 408369669 350292923 245241881 115800974 160841556 886040854 142691265 617783077 679247929 380269449 383496030 876847892 671693666 130972824 753961040 925091117 479425367 483500127 916754279 478856509 594118435 325712917 249307618 241973463 464938847 
483567487 900949660 892459487 469607836 124216627 967169774 948139998 860208467 585690718 379862538 300944276 40216928 852930533 7576089 264663073 920756017 564453524 735445430 857242256 771759934 83263699 641916601 354939218 502255599 616387319 527609704 573285668 497718619 590223022 157941280 420635873 962010094 761883751 700078627 621742914 646752345 242434350 458141850 987938481 700950002 131236814 765070071 288694807 771571179 488032761 582779265 698277168 669905264 727413943 344479609 390905982 714972835 728743121 776954279 48064373 858672133 74469410 755381179 464648572 897581494 349232417 711820125 258166041 285026956 477564742 207670533 899999574 507562078 8027084 705908275 513190807 423665291 893282510 831182885 95643485 611360539 273961535 533210672 774435781 501576838 203046285 451474234 32259059 780477476 876212965 661899852 100742188 445514967 62276756 852719068 152260369 281642299 828392631 844826861 737265062 883654168 868046969 451129582 843515257 29954974 82046072 911721981 527015591 791928947 403501878 180698925 971685635 696317761 778248476 483664690 874432863 979551168 777215926 574235683 330846706 108276589 928043595 67115587 563066710 902442601 735553568 101619451 720537827 755027868 653288686 408369669 350292923 245241881 115800974 160841556 886040854 142691265 617783077 679247929 380269449 383496030 876847892 671693666 130972824 753961040 925091117 479425367 483500127 916754279 478856509 594118435 325712917 249307618 241973463 464938847 
150
664272965 413445680 200481815 564902146 81719827 927963389 815004655 30228260 861135115 341638177 501734977 943708284 310986342 590918644 396672248 680422525 803851121 705454486 264873278 348492220 664264367 897636987 655828359 902367918 510807960 337880386 380098509 983380324 873020314 156784055 686346392 396939633 828633782 816646731 867080827 343298580 686468296 950107415 310232659 882948642 311353553 287717773 858344397 262243049 972091675 123165647 355838143 664308669 25969185 238402354 636881003 577885584 930308610 282959576 485700279 674022310 625774571 934938995 62915097 726106972 68345934 752407657 173301424 850038025 95640830 955650837 709144585 422845199 931440066 360708541 740634905 277276753 647384575 232147621 678475129 368725756 968196128 22547996 928981640 976475154 693435514 336271231 319489073 771765874 859141579 851810900 84495619 415088053 601380969 111534860 861054469 255377262 113992087 925848304 992455579 398966214 400113454 482499615 950225944 874873944 141142299 889298983 389525249 126943280 592426711 96693901 818276489 548217835 601981656 268440124 163187303 107910718 135186339 312782954 832427193 447449130 111854531 410381219 500664539 503881597 25677569 547265024 312077340 189232439 506805837 31617830 280209020 524130516 711792191 957610931 791806321 249048293 330113264 606252889 332571770 414970279 822599233 932690702 86496180 278208631 910223469 120873596 651231792 966096139 3114586 110053539 717805256 171265197 544855166 247769981 
664272965 413445680 200481815 564902146 81719827 927963389 815004655 30228260 861135115 341638177 501734977 943708284 310986342 590918644 396672248 680422525 803851121 705454486 264873278 348492220 664264367 897636987 655828359 902367918 510807960 337880386 380098509 983380324 873020314 156784055 686346392 396939633 828633782 816646731 867080827 343298580 686468296 950107415 310232659 882948642 311353553 287717773 858344397 262243049 972091675 123165647 355838143 664308669 25969185 238402354 636881003 577885584 930308610 282959576 485700279 674022310 625774571 934938995 62915097 726106972 68345934 752407657 173301424 850038025 95640830 955650837 709144585 422845199 931440066 360708541 740634905 277276753 647384575 232147621 678475129 368725756 968196128 22547996 928981640 976475154 693435514 336271231 319489073 771765874 859141579 851810900 84495619 415088053 601380969 111534860 861054469 255377262 113992087 925848304 992455579 398966214 400113454 482499615 950225944 874873944 141142299 889298983 389525249 126943280 592426711 96693901 818276489 548217835 601981656 268440124 163187303 107910718 135186339 312782954 832427193 447449130 111854531 410381219 500664539 503881597 25677569 547265024 312077340 189232439 506805837 31617830 280209020 524130516 711792191 957610931 791806321 249048293 330113264 606252889 332571770 414970279 822599233 932690702 86496180 278208631 910223469 120873596 651231792 966096139 3114586 110053539 717805256 171265197 544855166 247769981 
150
462402747 897669169 584471155 698548829 885274657 799568146 668612421 617583424 638503695 921330082 190663297 179838364 69974744 552243095 738045657 81369244 537324284 719417525 656977974 226406808 485053690 736734641 519589477 783186511 522646264 831976336 73165454 150417822 658721118 49922037 225533947 719018364 818694871 250389013 669453497 963504592 574431662 829802532 570891367 327742873 706894841 91935363 113084349 549596662 293280890 766534341 323241808 717655078 712407106 4629620 812258374 304999917 920709575 89902860 392377544 304556109 601609885 545428489 832179766 922081500 92171760 964373115 43497117 597041047 515640249 511156878 782223406 890965756 944085116 277685258 531821639 458788273 341110972 332880905 445593636 420142633 484971906 698668757 881127411 618078875 353442467 995353189 71012128 362896672 879474304 589598978 107233082 533886584 577034737 226079863 994091503 567388441 540227932 519434624 30759303 236887982 193202144 977039429 102300813 251669921 646933466 953416627 232593053 205298454 115886113 159148175 630820512 35000471 174188551 614558715 540534633 920885851 47443449 94615406 36448381 881056780 182775848 957449610 648779830 740748864 253545465 687556221 769306481 156117465 700049669 671647252 271815581 279282558 68936693 406186110 97154901 762315020 497800955 781377401 78318359 124233277 2457919 920647719 411229164 452925450 985892178 430214204 952365078 79296751 544691463 213275382 916601365 708828604 145138163 363011258 
462402747 897669169 584471155 698548829 885274657 799568146 668612421 617583424 638503695 921330082 190663297 179838364 69974744 552243095 738045657 81369244 537324284 719417525 656977974 226406808 485053690 736734641 519589477 783186511 522646264 831976336 73165454 150417822 658721118 49922037 225533947 719018364 818694871 250389013 669453497 963504592 574431662 829802532 570891367 327742873 706894841 91935363 113084349 549596662 293280890 766534341 323241808 717655078 712407106 4629620 812258374 304999917 920709575 89902860 392377544 304556109 601609885 545428489 832179766 922081500 92171760 964373115 43497117 597041047 515640249 511156878 782223406 890965756 944085116 277685258 531821639 458788273 341110972 332880905 445593636 420142633 484971906 698668757 881127411 618078875 353442467 995353189 71012128 362896672 879474304 589598978 107233082 533886584 577034737 226079863 994091503 567388441 540227932 519434624 30759303 236887982 193202144 977039429 102300813 251669921 646933466 953416627 232593053 205298454 115886113 159148175 630820512 35000471 174188551 614558715 540534633 920885851 47443449 94615406 36448381 881056780 182775848 957449610 648779830 740748864 253545465 687556221 769306481 156117465 700049669 671647252 271815581 279282558 68936693 406186110 97154901 762315020 497800955 781377401 78318359 124233277 2457919 920647719 411229164 452925450 985892178 430214204 952365078 79296751 544691463 213275382 916601365 708828604 145138163 363011258 
150
638990437 14755651 31418411 179866177 586008082 746587924 20490091 372585430 243617780 580713244 810006163 291811747 887507655 580237698 494040491 447289446 214598752 562741256 671793868 79848773 998366304 734548755 576573097 183998917 216066423 672188860 729707590 240014830 311666019 969056289 527480069 606555842 294932564 584744230 150805353 610580625 230689626 499050162 876431125 526331017 539281141 892151394 186131120 298764783 170205363 489803704 653107378 212301553 957912831 217692489 978367511 659926167 634086426 174098625 34585913 989411928 926147099 317112357 397643341 627575203 403820780 920228962 12055689 497591551 402302707 682963453 481668780 668018874 52581456 384379056 264287583 396914829 285939792 784522313 925301895 435886304 475826775 852797029 123498105 416270607 53307120 409955610 204089528 867690818 462350075 987362882 585283880 757143495 960986982 373712960 826485369 792158115 369855263 397691216 834481760 990323465 128706913 245367030 568435280 885985381 685949033 678961555 882009172 452010243 721200922 259240050 399809512 563056883 887899299 935015982 191299287 349183562 671519500 329467106 625860853 93753191 559478060 854797068 569327956 784735818 393116863 929194547 575171234 582556767 102007399 144243372 696994842 323640357 610294566 542264018 584156610 472375049 163623107 483412457 695791464 530884763 924645595 362577132 624534603 24242760 280805248 523027689 140567810 487846007 421626967 18779596 542698588 770344787 446334130 127441720 
638990437 14755651 31418411 179866177 586008082 746587924 20490091 372585430 243617780 580713244 810006163 291811747 887507655 580237698 494040491 447289446 214598752 562741256 671793868 79848773 998366304 734548755 576573097 183998917 216066423 672188860 729707590 240014830 311666019 969056289 527480069 606555842 294932564 584744230 150805353 610580625 230689626 499050162 876431125 526331017 539281141 892151394 186131120 298764783 170205363 489803704 653107378 212301553 957912831 217692489 978367511 659926167 634086426 174098625 34585913 989411928 926147099 317112357 397643341 627575203 403820780 920228962 12055689 497591551 402302707 682963453 481668780 668018874 52581456 384379056 264287583 396914829 285939792 784522313 925301895 435886304 475826775 852797029 123498105 416270607 53307120 409955610 204089528 867690818 462350075 987362882 585283880 757143495 960986982 373712960 826485369 792158115 369855263 397691216 834481760 990323465 128706913 245367030 568435280 885985381 685949033 678961555 882009172 452010243 721200922 259240050 399809512 563056883 887899299 935015982 191299287 349183562 671519500 329467106 625860853 93753191 559478060 854797068 569327956 784735818 393116863 929194547 575171234 582556767 102007399 144243372 696994842 323640357 610294566 542264018 584156610 472375049 163623107 483412457 695791464 530884763 924645595 362577132 624534603 24242760 280805248 523027689 140567810 487846007 421626967 18779596 542698588 770344787 446334130 127441720 
150
825535100 555947624 2613553 945336714 548110061 570019851 295177381 561648712 283962683 553643294 819225193 147527513 712664967 749487003 201738313 28787530 602508700 769077387 69962613 265293306 203772567 286415337 824135931 130222770 821268510 969964803 746828737 748284382 230943459 19154076 286181462 612862121 189763034 824845510 779121723 137044959 943487643 341879188 690976231 846672969 483702347 364712651 620068010 652246982 750330546 251055141 275196301 204441539 368233667 352531431 309390176 668209559 728280559 159699007 506872570 12808279 926547854 435248651 987837022 923873587 397727374 140805322 820511235 383378368 650140951 897399114 630220991 361581752 17282172 796578421 747420229 525585064 302181207 920549963 144121117 390056975 730642459 993359544 597907158 768323236 157136308 362335384 944208738 973388428 614137456 424433173 425296959 89009277 274614651 627902512 56920399 134407480 738109523 33542303 382347103 844103160 333897493 597228401 186546560 97636667 100471743 329594973 884367868 452811900 176105143 626255920 367841007 470635428 46667240 573341718 871341753 386877981 900190479 776900316 562731957 144304065 265099300 470911694 239110971 45765710 182019600 842562189 942440415 721288536 534167388 191972298 661077845 151950269 760371596 603060737 997331640 57003820 16769020 318816885 818985596 986868 263444716 349291567 948181587 625181661 119650881 450665821 841201743 431724030 142461802 916332710 891914189 5704694 181290935 968454438 
825535100 555947624 2613553 945336714 548110061 570019851 295177381 561648712 283962683 553643294 819225193 147527513 712664967 749487003 201738313 28787530 602508700 769077387 69962613 265293306 203772567 286415337 824135931 130222770 821268510 969964803 746828737 748284382 230943459 19154076 286181462 612862121 189763034 824845510 779121723 137044959 943487643 341879188 690976231 846672969 483702347 364712651 620068010 652246982 750330546 251055141 275196301 204441539 368233667 352531431 309390176 668209559 728280559 159699007 506872570 12808279 926547854 435248651 987837022 923873587 397727374 140805322 820511235 383378368 650140951 897399114 630220991 361581752 17282172 796578421 747420229 525585064 302181207 920549963 144121117 390056975 730642459 993359544 597907158 768323236 157136308 362335384 944208738 973388428 614137456 424433173 425296959 89009277 274614651 627902512 56920399 134407480 738109523 33542303 382347103 844103160 333897493 597228401 186546560 97636667 100471743 329594973 884367868 452811900 176105143 626255920 367841007 470635428 46667240 573341718 871341753 386877981 900190479 776900316 562731957 144304065 265099300 470911694 239110971 45765710 182019600 842562189 942440415 721288536 534167388 191972298 661077845 151950269 760371596 603060737 997331640 57003820 16769020 318816885 818985596 986868 263444716 349291567 948181587 625181661 119650881 450665821 841201743 431724030 142461802 916332710 891914189 5704694 181290935 968454438 
150
957880094 548597513 507814802 454583704 801632551 175365371 54056223 295321803 746973737 460313633 107410052 634186331 892535422 6959593 110584243 861560378 252974799 632314230 454714254 351273791 675985910 681949311 779320369 95155358 260826036 359565156 4894185 524669449 853717297 208586440 999879018 380535975 530755317 809549712 334067306 379851305 626837581 337689150 610608452 881633720 353348932 524675762 983293977 798768702 987653514 162929657 354065764 869515360 727884402 882648986 560869020 69392242 41322137 529282277 116024848 889819051 527129205 941479825 816276376 75656795 534845281 785148279 537880947 426640433 997485082 168356371 362762974 454890535 884259160 752198875 517113276 884978184 391912631 672025695 214906852 559456108 330075334 281298380 242943411 883196942 97241885 319280063 281649657 534949933 571505823 998462973 828988171 692308280 920258452 849461138 559320804 735326612 298732897 762711987 320310521 597941329 535418541 14086468 983057027 349166625 819959144 11534994 431815153 804067357 227724439 97348116 360600819 693678564 299417459 851821087 357234647 576391989 119826346 719726415 924941730 463232914 326070657 930275466 863401601 572853019 855222772 307396151 253150621 545441030 482804038 32933031 105215875 170094491 9222122 10453634 248000754 980276867 4680764 421103788 855474868 343569230 449727206 579899228 194045991 310124391 236161868 256533766 687543383 768721025 916464024 791326782 268769359 879959762 131722359 458083489 
957880094 548597513 507814802 454583704 801632551 175365371 54056223 295321803 746973737 460313633 107410052 634186331 892535422 6959593 110584243 861560378 252974799 632314230 454714254 351273791 675985910 681949311 779320369 95155358 260826036 359565156 4894185 524669449 853717297 208586440 999879018 380535975 530755317 809549712 334067306 379851305 626837581 337689150 610608452 881633720 353348932 524675762 983293977 798768702 987653514 162929657 354065764 869515360 727884402 882648986 560869020 69392242 41322137 529282277 116024848 889819051 527129205 941479825 816276376 75656795 534845281 785148279 537880947 426640433 997485082 168356371 362762974 454890535 884259160 752198875 517113276 884978184 391912631 672025695 214906852 559456108 330075334 281298380 242943411 883196942 97241885 319280063 281649657 534949933 571505823 998462973 828988171 692308280 920258452 849461138 559320804 735326612 298732897 762711987 320310521 597941329 535418541 14086468 983057027 349166625 819959144 11534994 431815153 804067357 227724439 97348116 360600819 693678564 299417459 851821087 357234647 576391989 119826346 719726415 924941730 463232914 326070657 930275466 863401601 572853019 855222772 307396151 253150621 545441030 482804038 32933031 105215875 170094491 9222122 10453634 248000754 980276867 4680764 421103788 855474868 343569230 449727206 579899228 194045991 310124391 236161868 256533766 687543383 768721025 916464024 791326782 268769359 879959762 131722359 458083489 
150
534236436 71432849 213912203 30734297 788450514 747640924 450982332 956316524 812740014 384760964 590512172 401085822 309832007 702258554 121700807 640034081 26648696 921456362 188230112 450914941 847928948 375714759 801402048 88260093 685085817 773805139 582438388 606604132 241605430 29030979 986637605 558883681 135759875 544565378 537341842 212770854 329559054 508621567 395229626 546969903 706501693 578098753 455301304 640673876 797283210 224511189 667048626 639703234 225810492 72325945 648634844 948806731 820054565 876340579 546576842 523009714 630020713 400374797 641295593 372677246 434101263 93198529 166204887 103073055 977328172 327353932 538342488 257958726 692432094 742598354 673362575 840917347 879164547 863473998 509612346 892293385 345704216 556273868 386071551 331408456 903370899 652521605 625482650 388219152 249209507 299934821 315059107 336393744 370583548 223156525 453379231 905230904 186568902 740171484 67928710 989580020 7554712 944364368 15568867 410183120 576262221 66418545 619720841 820143789 596913683 319308673 655727071 614910120 984417046 751053030 498603891 682458995 339178295 923118679 734997214 246662339 2807943 538785518 586741382 126297952 677817739 531300499 928543113 695231123 778012412 705099100 548467825 235846313 823682602 33193111 509473656 432260554 479147448 923902390 407091495 262506472 542105296 555947313 629477302 891398801 873892520 832325908 486898433 526280105 306731886 852489182 666150127 928630745 188962338 214771461 
534236436 71432849 213912203 30734297 788450514 747640924 450982332 956316524 812740014 384760964 590512172 401085822 309832007 702258554 121700807 640034081 26648696 921456362 188230112 450914941 847928948 375714759 801402048 88260093 685085817 773805139 582438388 606604132 241605430 29030979 986637605 558883681 135759875 544565378 537341842 212770854 329559054 508621567 395229626 546969903 706501693 578098753 455301304 640673876 797283210 224511189 667048626 639703234 225810492 72325945 648634844 948806731 820054565 876340579 546576842 523009714 630020713 400374797 641295593 372677246 434101263 93198529 166204887 103073055 977328172 327353932 538342488 257958726 692432094 742598354 673362575 840917347 879164547 863473998 509612346 892293385 345704216 556273868 386071551 331408456 903370899 652521605 625482650 388219152 249209507 299934821 315059107 336393744 370583548 223156525 453379231 905230904 186568902 740171484 67928710 989580020 7554712 944364368 15568867 410183120 576262221 66418545 619720841 820143789 596913683 319308673 655727071 614910120 984417046 751053030 498603891 682458995 339178295 923118679 734997214 246662339 2807943 538785518 586741382 126297952 677817739 531300499 928543113 695231123 778012412 705099100 548467825 235846313 823682602 33193111 509473656 432260554 479147448 923902390 407091495 262506472 542105296 555947313 629477302 891398801 873892520 832325908 486898433 526280105 306731886 852489182 666150127 928630745 188962338 214771461 
