10
30
18 23 18 11 8 3 1 24 3 1 6 24 6 10 9 4 22 5 8 19 15 23 3 13 19 18 1 28 16 9 
28 29 24 15 13 23 15 24 15 4 17 30 30 10 28 15 24 22 13 25 30 30 18 16 25 21 26 29 22 16 
30
1 5 5 19 14 3 13 3 1 11 17 9 3 2 20 11 7 16 18 1 10 11 16 2 3 15 6 8 10 17 
26 10 29 27 29 12 26 10 8 19 23 29 10 9 23 14 9 19 19 16 21 26 30 18 8 30 23 30 26 22 
30
3 8 15 18 22 2 20 6 4 6 8 3 4 4 9 6 4 14 12 8 6 16 20 4 25 4 22 23 3 1 
4 15 27 21 27 8 26 10 22 10 23 3 29 5 29 9 27 28 27 20 28 22 27 21 30 10 28 29 9 11 
30
9 24 9 10 9 7 8 5 11 2 13 4 10 1 3 13 7 14 6 17 5 7 1 15 8 7 10 23 12 2 
25 28 16 26 23 30 25 11 29 28 25 7 19 30 11 27 30 20 16 29 30 15 29 24 30 21 11 30 14 26 
30
2 6 6 1 9 14 13 25 6 17 13 4 1 13 18 8 3 1 1 6 2 21 11 9 2 17 2 7 9 4 
20 26 22 29 23 26 20 26 17 28 27 19 1 22 19 24 18 18 9 8 21 22 29 12 12 17 25 22 24 16 
30
13 2 8 9 14 16 10 10 6 27 9 7 24 10 9 1 1 6 14 9 1 3 1 20 21 17 18 1 5 12 
20 16 10 21 29 29 25 25 11 29 19 19 28 20 16 11 3 14 25 13 29 23 1 24 29 24 19 10 16 16 
30
9 8 1 5 14 14 21 16 4 17 2 12 6 21 10 5 13 2 16 14 12 7 7 19 14 24 10 2 12 1 
30 14 29 12 22 28 23 16 25 23 5 28 12 23 27 28 24 14 16 20 23 26 8 26 20 27 19 9 22 6 
30
3 5 3 9 8 4 10 17 10 25 19 14 1 1 6 13 6 12 13 13 5 19 11 22 4 4 9 2 3 4 
4 13 27 12 9 7 15 17 22 30 29 25 10 22 24 19 21 19 21 27 14 20 19 23 18 24 9 17 12 13 
30
17 16 10 10 9 4 9 8 3 6 14 17 2 21 8 8 2 3 10 24 14 17 5 8 4 9 16 4 11 1 
23 27 28 24 20 15 12 13 6 11 16 30 19 24 14 24 17 26 16 29 16 29 8 19 30 29 24 21 18 28 
30
7 6 24 23 3 5 3 4 1 3 24 26 4 20 18 3 6 19 8 2 17 9 12 9 19 15 9 1 6 25 
13 26 27 27 8 30 12 24 1 8 26 27 9 22 21 16 14 27 27 20 22 23 19 28 27 19 29 18 18 29 
