10
150
7042 38890 10857 24185 3530 7302 2196 19401 17680 21570 1266 16606 2923 8148 14630 11529 15444 40392 1617 16203 37690 32504 7861 6284 35618 13299 6325 13610 43528 19859 28933 2529 7997 1592 15742 30990 44926 16912 22313 24356 14924 34329 19783 30376 38117 20811 6152 32213 12450 10867 18102 34866 33475 6965 13375 7138 22841 23423 1432 21937 8509 332 16037 12942 1877 21087 18913 30264 6907 5452 39590 4596 10384 14921 5859 21027 15199 11637 4522 31352 3636 42925 24269 10492 12951 24254 2946 3769 7210 16936 23974 2363 20280 1382 5909 21076 8049 21002 9715 2403 45357 12897 10875 4956 27610 36042 2789 28984 25311 44931 21733 22419 12345 12399 8325 7154 34433 13142 21487 27109 6253 18802 7993 7799 15226 18415 16643 35460 7400 20459 6984 11286 15740 8070 29319 1751 24095 1394 17327 24600 5074 2335 37912 24582 11734 5130 8684 32991 16220 20358 
20719 40602 37540 28019 34906 42125 43913 43404 22022 24403 1334 37714 3690 19156 44722 21836 43764 48459 34720 20946 37916 48214 35063 43472 47354 35086 13154 46452 48475 40412 42909 11601 21894 38025 49429 41633 48651 45627 33096 30547 48708 34437 33388 46180 38267 33696 46556 41637 14751 29770 24418 41335 37646 47769 39504 24824 27242 27502 28082 48605 26353 41258 26513 24134 28935 34852 46523 36129 36237 28238 46446 46026 30573 30115 14190 21227 33776 38937 20183 39817 39183 48589 24414 35313 47658 28579 11280 21910 42430 22459 46808 8041 21078 29770 21660 33108 37842 28652 18574 27607 48967 26003 26804 46898 30011 40762 49238 44803 47964 45582 40555 23915 48466 41169 20632 28364 40675 43493 48064 31727 10822 44071 15298 38180 47435 47321 26766 37751 28993 38197 40336 36049 24138 29716 37439 37149 36211 5736 39537 47109 19049 7700 40035 25592 17104 13901 17050 36361 46496 42443 
150
20408 22619 20160 37269 30366 34084 18483 20273 9439 1965 29717 23738 42040 21229 3267 23772 22483 1150 8587 2795 46131 5196 19791 10364 10381 4810 171 12742 18390 15956 14965 1175 7274 10232 16888 18563 5566 29786 16463 343 27222 20393 36583 22124 4856 10235 2021 40328 5439 23233 12843 21194 33745 14279 6880 18799 381 4428 16238 26625 6661 7556 26620 43140 8296 5836 1419 35576 37077 44014 6354 30722 6865 29185 25651 13021 33919 687 9301 4233 7267 821 11533 26453 7898 32489 21644 11541 4113 3371 34006 17424 11425 5566 23477 23369 1352 4985 1373 9029 2124 15194 399 12350 35836 16779 25162 4767 5860 21111 38315 1867 31812 3120 24566 12926 4040 8831 14537 13069 3514 3014 19918 18991 24903 30120 24434 13504 15699 13890 24000 28702 22867 2775 25046 8616 4101 16372 37563 11373 20183 47197 5466 42568 4363 23518 3976 6787 34723 32963 
34681 40170 45165 49775 39338 49729 21781 41944 14031 28149 33086 39254 44209 24510 7142 44165 37059 22642 23317 41642 46579 49355 36944 30861 28629 9045 18242 17572 26843 29124 30964 19034 21174 13050 44438 23433 48585 40387 26306 28620 47721 32185 42243 31595 8134 21779 27117 42028 28209 34503 31596 25751 45817 30953 43822 29504 16789 28748 29287 44899 39465 34593 29287 48099 42936 23071 48049 39472 48151 48330 48311 33238 16580 30849 46449 35621 34399 40825 35624 9198 38488 47890 39700 37560 21369 47931 39339 13365 19417 5809 41735 18947 29929 20962 45526 24621 48848 27407 46332 11456 31652 25657 23073 20827 46345 38618 30479 29796 29504 37015 43352 21702 33477 45656 25503 38101 28576 44669 22945 28517 34797 44784 37363 48886 31509 49026 48688 25077 45134 18746 26549 48686 28874 7739 31017 34467 47844 31866 47841 36899 33129 48816 24086 44981 41760 42205 22267 35207 35380 36712 
150
31293 7765 5338 15958 13517 16190 29318 6198 15923 22048 2055 3988 7742 19991 17440 25257 27612 32101 21812 2061 4340 4248 6468 32906 20536 12506 18383 37812 40930 40191 484 37634 4078 23081 31110 22508 16560 44160 11524 31359 31353 5898 18841 25005 7430 20529 10057 43479 6286 1484 15508 41573 6202 21053 10948 16787 21596 2430 18659 8103 15295 39963 47439 33072 14225 21436 16979 19693 10208 34763 38336 33131 17425 718 34628 18452 20318 12704 18257 40280 11412 39700 14292 2948 18634 9351 13725 11715 16641 70 10902 14044 8921 36011 15356 2986 3020 7860 8506 14947 17551 16926 8389 3193 7805 15781 5557 20632 27090 41335 13369 8638 1354 6842 2815 5043 19594 14535 2616 2363 15603 2114 11359 14711 18085 5229 11166 21587 15797 12580 30434 17490 1778 7336 29864 15866 6946 7940 4250 7112 225 36081 846 2820 21413 26423 26113 12919 37924 10693 
39696 36996 14196 43615 30087 48122 37553 14738 30184 28576 28860 44329 24541 34147 49904 27118 42659 47976 27326 3190 48195 45288 29212 47121 48615 18750 45095 38965 49933 40573 3638 47461 23257 41193 45971 44708 28996 48701 42238 46422 31443 6396 41304 39929 7549 23781 36328 46548 28471 38527 47870 41767 38680 48155 27486 39650 24378 43848 26479 34182 16161 40949 49028 37609 41572 37039 41630 23391 27094 37112 45746 33951 30100 25578 36814 28021 48327 25126 38801 46684 43095 48959 34175 47824 34706 37021 49406 48475 23397 35742 44442 19251 17936 40387 26748 6975 46492 19259 16793 16186 26098 38032 38396 31550 22094 29674 36504 41092 34335 44978 17399 40178 17465 23122 27992 12170 48499 19348 9910 46471 17293 8306 49292 31427 34841 18185 17242 31043 28573 42097 49684 36594 35851 40805 44707 25693 24641 29133 49756 49306 33042 38633 27292 15630 24016 30927 41322 27995 41588 41990 
150
42115 20 38025 8887 2869 19806 5125 36692 21272 21535 29909 1832 36377 17748 24384 6451 25766 2104 21298 879 17830 20985 39239 5984 5626 1630 383 2938 5142 25319 17728 26156 5688 3643 16859 20414 10942 2221 8100 24458 16790 42554 14247 20211 36500 22112 36808 31227 38843 29548 8154 18056 6641 27387 111 25877 9801 13863 23660 33964 5972 32812 15528 8506 4257 38987 31833 325 32762 2078 12865 9422 14030 15719 6862 2754 9227 1363 10784 22579 12499 7929 21149 1615 13292 3605 19584 16821 449 23261 27812 14728 33219 23217 26012 6275 5552 20777 7204 3958 38896 6816 20155 7398 25802 26834 27577 19787 21422 17442 17321 12865 36756 27999 3073 27768 18533 25704 18665 831 4888 17767 24162 38345 26522 45007 6431 20314 18161 13610 12 31847 33168 36231 20878 11440 4007 4889 2792 7763 12044 10230 3983 5113 28902 7121 14296 23377 1859 13377 
47345 37798 48531 31883 6597 40675 49010 38588 44052 40670 36202 39609 40857 19877 40134 44482 41878 31491 27717 48406 44478 36159 47684 28416 49179 12331 49051 7986 23307 34770 40607 42606 15698 17220 22533 38485 26413 4287 41773 26010 45160 46208 36349 36514 47813 23937 43804 33471 40062 49957 41495 27487 21023 39472 44588 41305 10004 22205 32451 45242 43701 48970 38123 13983 23637 47343 45979 36566 33564 26894 46886 42248 40048 28263 9062 34061 49051 8485 28228 28932 30049 22036 24055 10089 25808 46445 42335 46341 7442 45127 46738 17227 46536 48080 34517 23779 12254 45846 17812 8562 41337 24060 27896 31019 40288 30383 31745 28645 47310 39757 28958 26731 47010 36903 44977 37230 25530 31413 29735 25371 5875 44590 29438 45439 33356 48404 7568 39708 37911 24553 13123 41001 37136 47581 42737 35640 7721 7478 28670 46091 20433 15954 48741 9646 40472 18521 49665 28798 11688 13614 
150
8329 33508 24142 16145 133 9877 24754 8689 21119 32154 5817 44105 25645 5771 14297 32433 12252 17076 1753 29734 36707 20428 26221 418 3281 9884 597 266 40878 2655 8898 242 4510 29595 9662 4170 41179 20217 383 18654 20721 12282 21825 5569 18910 318 30065 22937 11055 13466 36689 24600 7851 307 18007 13417 6482 25403 4975 26882 4384 10961 5242 11542 1392 14432 2510 32252 3457 17292 14379 2068 2715 704 35544 3597 26680 26631 10108 12878 16797 36153 4846 11319 8266 24632 30686 7494 4759 22730 37794 22629 18084 1549 33042 1616 35415 13296 30239 29604 32070 16570 15154 23887 17041 22671 33869 17755 7332 8012 14810 22333 40368 30807 24750 16038 5217 40993 16743 5119 31231 12759 28830 11922 19689 5014 36419 10011 4545 4051 19932 7166 5512 26429 8817 107 22420 7219 1116 3261 35881 8284 30682 5995 32733 25535 3099 10376 714 10198 
23220 39455 43211 32037 1853 48695 39420 40611 37266 49085 20622 44706 40178 25429 37390 38551 27519 26487 42003 45473 43834 49876 35735 36120 38299 16437 3560 33085 41831 31352 14381 17406 9039 43819 28550 32828 48087 39271 12835 22531 22866 35780 26427 9410 35164 10576 39559 48993 23801 27596 48985 29124 49679 47232 20559 13520 43777 26987 24124 40788 41897 29414 6964 48692 36515 43568 9255 33179 35253 29368 32675 41125 4207 15678 49365 38788 42815 40593 15198 24415 33012 41470 24854 15618 25918 43735 43707 26850 13064 32616 38494 41132 44033 25433 49363 19777 42438 22401 37282 49074 34171 18623 39500 32761 29928 43473 42186 42229 45894 11866 40928 41774 49932 44883 47803 49214 43859 47727 23906 17898 42951 38036 35252 41403 23061 21502 40346 22046 6104 28084 48333 11332 24429 30379 9319 43886 36524 49889 36316 32119 39610 17543 32717 23462 36526 39065 5514 36483 43710 43541 
150
20548 16984 8650 26779 38339 32354 41961 18620 14849 4305 25954 16853 19052 2937 7463 7353 12222 27225 10024 31517 262 20461 11212 8462 8073 42780 45614 4160 19383 30132 29598 30511 9887 624 13522 32356 19317 18 3745 1330 8304 18769 29016 11132 24577 3696 30733 869 24251 1668 3052 13523 40875 5387 6314 6639 6947 32975 6981 25296 36573 11607 2579 2053 29261 3974 33564 34403 759 27320 22436 36766 17638 1646 14916 32349 10465 19255 33645 33831 3381 11252 3086 22648 9738 18815 19769 13102 7972 5219 25048 26611 24564 22782 23470 10455 39078 32991 42234 131 30463 14252 3427 6577 41573 12346 5951 14182 11654 31677 37081 32938 17163 6047 4895 2291 7260 33356 26102 8229 37302 1133 17850 8610 5314 31523 14666 37445 43792 6402 13032 22981 19463 35158 21589 23957 1948 22100 31164 17173 21670 962 25246 27862 10944 4929 906 19990 180 23493 
37986 19106 15579 34864 49323 47540 46589 27966 49664 8345 47600 33415 33858 11110 14400 33724 27580 32556 19562 41621 19093 40690 31120 28905 39192 49931 45907 23892 41604 47336 46638 33938 28750 14763 39743 39922 47423 49733 6036 41131 16780 40640 32193 41041 32664 12070 43242 43566 27529 15210 32493 30828 41005 29341 24170 19485 21717 49829 28077 35874 44465 27078 24057 45525 37636 19300 49744 34629 5675 31096 46474 47968 30560 3851 24211 45597 29343 26302 34344 38384 13800 26425 45286 33765 19732 24202 25845 21277 17599 18166 25596 47376 45206 45658 37143 33433 44760 39589 42586 28672 48595 27739 31922 14671 47248 28586 43929 31167 46526 46738 40372 41088 29496 44083 10084 25282 48498 42992 48623 28647 39802 37896 49153 38107 35845 44156 35530 49399 43970 43930 43077 29766 30384 48415 43451 25643 49864 44024 38896 47420 40190 48917 28140 34903 14035 41954 47609 28925 28270 49577 
150
40641 31861 17166 23865 4919 256 3389 43532 22296 11980 12656 1241 28769 18979 21367 42867 39352 28039 1941 13969 3408 22138 13503 3940 2213 7769 13792 6821 19590 40010 3241 32794 14727 3467 22495 40639 33032 6538 12245 6875 23809 39038 22590 8170 292 23804 19826 3503 31638 30446 17434 32019 21929 19784 37556 15591 22018 6988 3208 9819 3097 14534 8204 21714 21143 24131 11558 14543 16695 12881 30858 5448 13156 14050 16132 19127 11642 6992 19378 5761 3 8150 31233 12136 33572 8273 698 12487 10366 1700 3250 32566 13459 8701 10730 1680 5351 1209 3800 32879 21167 42505 26960 4067 12932 21498 27328 19027 312 8238 1378 19919 1308 6318 6398 22675 8085 3302 836 24225 35620 13694 4626 20556 7487 10511 28414 8709 3063 11825 10532 16004 34066 31379 11745 6341 20953 1058 17775 28122 389 23392 27707 11779 8901 15742 8391 636 29351 21588 
41294 48792 36135 45938 9366 37033 46220 47989 49444 17459 46274 24450 45856 47065 42576 49929 46636 32768 43304 28764 40321 30654 15344 5937 3958 32812 32320 28083 32449 47542 44183 42659 19083 39900 33560 44841 39131 42303 16494 48090 46562 46998 32000 12661 42458 49955 42679 23102 45589 37347 43024 48902 43610 49779 46449 34225 43116 16585 46360 20961 47228 36552 34875 40144 31818 38184 18534 26052 48577 45253 48690 36669 34541 17133 33160 34663 47981 32354 33433 41609 6567 12816 31954 22059 37624 35532 40993 14956 38276 2873 31427 48163 23735 40924 12596 12687 10325 30297 49439 42540 28263 44430 27704 36074 46263 38458 46288 25153 44934 28381 16207 38228 49036 22670 15359 47263 14627 16908 18728 40171 37806 26986 48562 28467 16330 20388 35394 40399 48374 47798 26451 35695 39708 42393 24653 17229 30358 38468 48129 44547 47260 29574 33234 40060 25044 39328 12278 29275 42997 35640 
150
17893 17029 7482 27213 24353 25484 1695 18746 10532 12201 5843 22162 22075 4838 13241 27407 15311 32031 35078 16104 19866 11388 15063 12531 13998 36804 530 2610 12198 30771 4673 2243 9812 24289 3528 19260 25861 24932 19343 20059 10612 1445 5190 24535 17730 14025 9870 43186 3117 22359 1253 1383 27562 13709 6993 17568 7899 21646 14008 481 31 28309 30828 1806 7899 39319 10737 10873 1431 13028 18966 1710 24973 32527 28678 11632 5223 20563 19193 13462 20042 7558 3106 18388 23898 25020 13650 1696 11261 45241 15593 23856 22968 8526 24501 6128 1473 33736 28328 1489 41848 2611 4055 4657 31198 32664 22202 3580 5089 5046 15780 14631 25501 16320 8607 13798 4977 6552 3148 27925 17120 4271 24044 30928 1267 15675 11863 5258 18744 10261 12354 17199 11347 4374 14182 340 11741 5973 11750 7496 3990 22525 6813 7713 13952 8455 4183 22818 152 11957 
41329 24823 28418 46536 26482 30038 30639 20712 38313 48098 45466 30602 38459 35872 22988 40969 38757 43900 43088 17153 24973 25756 31716 12620 14503 41133 30595 19666 47496 41879 34668 14195 13377 25452 23153 38157 28617 27784 46978 47271 48734 30932 43666 43449 21576 46785 36218 44490 35742 32828 33708 26802 49818 40619 19478 42161 17674 29767 45684 23824 25452 28509 39349 33618 37309 48415 21370 19427 41671 29803 43573 37931 31953 39782 31563 31351 38301 37159 45643 37478 35048 14422 30764 39901 43327 40662 34604 40293 48105 48426 25883 26153 30360 13696 26330 45287 42427 42827 46867 4177 45530 35465 20353 46750 44700 35122 38426 35372 6483 49348 33676 45476 48531 40990 44081 44695 28687 26661 25274 36742 37545 10925 43572 48259 26335 46510 47864 34616 46571 18695 29605 32393 21766 7707 42028 30138 11744 21635 48424 42587 49468 44605 11771 43045 35248 10783 11305 43661 7509 43376 
150
18374 4767 13043 42568 4728 6774 1741 11556 23879 10903 9995 7617 22216 17822 25866 4662 16365 27215 12649 21730 14272 8748 29421 42047 38522 26776 28461 28230 13452 16869 13161 22482 24154 24001 11875 6553 6602 20275 5138 16753 25065 10159 28513 1321 12326 15945 12768 24100 24109 19874 6044 14681 844 2270 19193 27983 27565 19195 3516 15520 19971 7130 37943 4328 21118 29739 20190 11541 14136 20440 32130 17450 24580 24976 10756 16504 5006 22201 18999 48983 6546 2 28246 4131 8255 2361 19578 32193 1291 1455 2936 5475 8633 28028 7589 26705 44162 240 13466 4377 26324 11403 26297 34771 41741 13960 14123 6739 14087 3167 34736 1373 28357 28453 16263 27928 27381 12469 5303 1925 20545 7075 4579 23525 25371 35708 19 1927 1768 18801 7228 19336 13486 12034 17872 15564 31541 1735 18143 6549 32973 33643 3468 5595 23103 17867 1236 14826 8011 20226 
20357 45156 47588 47032 16911 29275 14073 30748 31599 25983 16276 29872 44790 46734 46726 27556 24882 33224 27369 43567 46352 47289 30770 46873 47474 43098 29988 36430 33341 28197 49777 48417 49837 31541 47991 25677 21995 45946 21603 40266 48019 33581 33951 48275 15358 48156 34772 42034 42793 33335 47906 31514 26082 11011 44777 43198 29753 37037 32067 36487 35684 37265 48179 7018 42388 43176 44106 45647 28793 21959 35028 45520 34666 38495 35258 23627 9451 28918 35597 49461 38661 13354 30935 42566 44844 16745 44254 47907 24419 29752 49751 23766 20723 30487 14864 32535 49744 48698 21763 22763 44482 27793 49250 40369 49797 43252 42584 31076 42207 38279 38277 4177 46209 36250 19636 42265 29341 12878 8389 14869 39929 25313 9497 34464 41050 48745 5756 25761 6420 40198 10629 43879 26667 35134 27617 23800 36875 23593 28713 24766 47303 39818 18184 33622 32592 33841 3171 22912 44337 42096 
150
20456 38939 3831 3880 29352 13512 11496 32043 6124 40565 40451 1020 16166 32329 25746 18258 11381 20323 33342 18904 3322 11781 21275 608 25368 4575 28557 20108 45641 29105 18438 6823 3429 13109 7960 29421 6287 2857 33859 4921 22010 38386 4139 25597 27026 5382 3422 29096 8430 35543 20 47425 4083 5889 29253 5198 25182 13575 5486 9805 28698 23794 2078 11379 975 3115 28736 28769 21261 23335 36389 3003 27639 8126 34311 37649 2854 25286 14042 4220 9282 18362 35377 3448 42757 4445 36103 8048 15392 10284 4913 34452 8701 46851 17387 7043 13007 13653 3404 27153 15574 14100 12688 3013 17675 926 17868 29816 24396 9501 22629 19822 9843 32857 14698 44528 10819 9025 6945 17438 40189 27716 19589 30749 12717 21309 11136 23917 25741 13058 8977 4269 1351 29 1339 7997 12392 16150 12244 331 9040 17041 3874 13604 37919 2264 28494 38863 15675 15252 
45338 45957 46038 39325 38021 19529 36092 44731 28932 43503 41261 27259 42331 45978 27168 18520 11721 41064 40838 37736 45451 46476 30473 2362 33394 39366 38592 28614 48271 47189 43701 30703 6757 48211 18161 47127 16883 33173 47230 38449 44982 47216 41494 33825 36956 44350 8675 49025 28977 39626 6906 48933 7139 46501 34094 31162 38119 25625 49268 49420 31215 39915 20539 28561 22800 33762 33018 31411 37969 34121 48742 29396 32680 33959 37865 44163 20844 28633 25298 6783 27424 34163 37146 8462 43741 21433 45847 42219 37434 43739 46336 36269 31248 47129 35025 36605 20514 38818 34919 28805 17435 14941 35633 23238 45378 45108 47979 49450 24747 49640 41147 25542 28830 45229 33145 49897 33551 15179 21916 38760 41394 49289 36547 42613 30104 40875 40045 45927 34142 30626 37937 4605 26976 4675 31135 37090 16922 35514 27253 42271 9890 42114 41311 23953 40944 26826 46767 45666 28313 43032 
