1000
925 1036
999 1814
852 1459
713 1182
1217 936
994 1416
820 1225
1213 152
1794 1024
1376 397
1191 1081
1425 1725
579 1802
1227 626
618 107
962 721
1711 660
76 1090
934 99
1306 1954
1556 1411
1517 1923
1435 443
1454 75
285 346
809 1216
849 698
805 1297
1559 774
1707 283
1050 1770
1166 1280
634 1002
670 1052
233 357
1167 331
1102 1474
378 426
563 1122
481 1264
1228 191
1525 1854
1609 190
1438 1769
490 133
215 1652
399 1493
1490 295
535 967
146 1230
997 354
759 1963
1812 1092
1321 1032
1410 93
1367 874
1980 315
1746 183
1235 1099
678 163
1723 881
1887 1391
509 549
712 473
151 1473
105 926
578 880
734 1837
645 673
1826 834
18 486
1562 1704
1992 644
1168 741
300 201
374 1913
1825 1183
1223 19
770 1864
1529 1137
1015 1839
1328 1311
565 101
1148 1248
639 129
1712 1389
787 341
784 886
79 472
913 603
1060 991
900 271
1595 1576
1331 332
919 814
358 1178
726 23
677 1624
1759 599
268 1978
1645 167
1829 848
682 918
921 1313
1973 568
1268 825
595 1528
1145 687
1649 1975
941 112
1505 1323
347 414
205 567
894 818
728 1406
931 1552
938 1226
942 792
1720 1190
368 641
1647 193
1804 583
1150 281
1333 1912
1898 1901
348 389
1056 959
366 340
536 1915
1008 21
1273 265
10 1016
333 320
28 1743
1858 1483
752 476
1786 1818
42 572
1630 1551
466 1455
1877 1863
862 636
31 1165
1979 405
1481 139
398 564
694 1194
228 231
1749 1596
12 1495
54 1098
259 1457
278 905
948 491
983 1974
1797 1938
702 1011
1286 297
1069 1677
1730 1181
1077 584
802 1900
517 1549
587 1813
438 1575
1944 1486
56 1604
495 1374
1695 39
513 1885
871 9
1855 86
384 1701
1793 1997
1816 1789
841 686
1417 1255
944 1565
450 542
1941 393
1214 1053
988 725
571 130
373 1613
243 1402
827 966
580 78
1852 156
939 170
1489 47
477 867
225 764
868 840
1641 1672
512 974
1476 1843
1977 1615
1083 1985
434 1558
1880 1675
998 1209
1005 1688
377 1239
1897 940
435 1922
235 1274
362 221
1049 1038
202 823
1522 790
529 318
964 230
557 743
60 731
252 1059
762 370
864 115
908 1820
593 1774
631 1299
761 296
1066 501
1658 699
666 1128
1602 1668
714 602
750 483
447 896
381 1771
1065 832
1147 1506
985 1383
511 138
1989 773
1834 461
1063 1513
522 1800
801 1142
263 826
1346 1324
463 760
482 1192
81 683
1533 878
799 1601
1347 648
923 38
1445 1706
206 326
703 1928
520 1115
635 885
1031 104
1464 1067
1676 1842
1385 1936
860 756
1651 642
1350 308
831 704
1838 1673
317 1080
1539 732
888 1244
280 788
1488 1197
444 74
1156 1591
383 132
1882 956
1355 1480
1579 385
349 604
1945 1238
286 815
1731 1990
689 662
895 742
1072 1356
1497 1284
455 1152
1420 724
1343 1939
1715 611
807 672
157 143
57 1433
395 1872
1694 911
1535 586
1890 287
1144 816
1687 780
250 1443
1827 640
917 907
884 1353
20 1456
892 3
904 853
1943 1019
1496 1088
1340 912
1254 675
1312 765
1678 1378
558 973
273 965
1322 1622
1426 1566
778 1022
1527 547
1724 589
1778 943
1671 155
746 1009
1062 865
111 1661
607 1509
454 46
409 1110
2 808
553 982
627 100
1659 684
785 1949
600 497
1330 836
1703 1524
1925 1408
856 1574
1334 375
643 421
674 1336
1568 1224
323 1431
485 977
218 889
730 1407
1702 462
606 954
1541 1139
266 1546
975 527
367 312
303 1876
1831 1646
957 1867
1272 656
484 1185
1146 1547
127 1807
1421 478
851 1380
1277 1035
1971 585
1779 44
1132 711
1906 1287
538 496
1448 898
935 507
789 114
1621 351
43 236
1679 200
763 916
451 50
1043 416
945 1698
972 52
192 782
1691 963
798 1294
1161 213
1025 116
328 95
26 1276
1361 6
63 835
1444 1892
121 1755
1270 749
693 1519
422 1550
1337 541
1186 34
117 25
1633 110
1369 92
1748 1029
1573 475
1761 806
521 361
82 1734
1100 1514
1970 1485
427 404
176 1995
1409 1143
1516 207
1669 410
1957 768
1135 372
355 1046
924 649
1463 1674
519 401
1518 1690
1803 1289
208 1437
353 663
174 45
650 1401
1692 751
1257 432
993 658
382 1851
1399 113
1932 1773
1095 857
1202 1384
24 1210
1034 1709
1419 162
1844 653
605 1590
1946 544
109 40
128 445
1119 1735
953 1830
1375 647
1245 566
345 681
17 890
1542 609
369 1548
1447 1801
1561 1316
854 813
258 1394
1924 624
1153 1583
576 120
335 793
1173 1136
1719 1526
575 1886
293 448
1114 561
80 669
1054 996
172 1107
1432 1086
1721 1381
1215 446
423 352
1275 661
1116 135
847 1078
1446 1791
968 1303
717 166
1582 1261
2000 700
470 1424
1201 1158
839 719
665 264
1138 870
1781 1940
1079 37
657 738
267 1042
899 87
1600 667
65 1039
4 707
229 1129
387 1157
1125 659
1728 1320
292 1817
858 776
1246 232
526 1498
1520 621
1377 216
1452 505
380 1017
843 1903
420 1014
772 1935
1796 350
646 68
528 226
1010 685
302 1768
1878 41
1742 525
227 1499
1986 214
1626 556
1332 930
329 204
1884 1370
679 1260
1619 1436
1404 1205
1840 598
1003 337
1221 1442
195 1397
1058 494
1177 1569
915 1358
979 652
821 500
949 1740
1571 883
984 1317
32 1249
1212 1203
747 1373
510 1987
238 1588
1510 1006
189 1198
88 1301
1920 696
306 1988
877 592
1151 330
1958 875
1927 480
468 1339
1914 289
136 1109
1104 1921
418 1504
168 131
417 1745
523 1983
1752 615
424 1648
1805 1738
1883 947
411 1188
1908 1027
1466 795
1269 1899
508 546
1082 879
873 1127
67 1305
1 122
66 203
617 817
1200 1259
313 1589
334 1240
688 219
72 294
1180 620
951 833
1123 1806
1666 1681
986 1091
275 891
887 1467
1428 1853
178 1663
144 48
1222 248
1018 633
125 142
1470 165
718 282
637 1893
779 1578
309 1538
1625 262
1427 386
392 305
1972 360
84 1475
1285 1634
1620 1823
1930 1967
1487 804
1282 1934
1479 1247
1338 1716
194 1665
1632 1351
89 1874
1699 1784
1300 766
464 1041
845 1965
1113 794
846 570
1326 1163
1564 1501
777 1241
1164 540
1403 838
458 298
73 632
1760 1478
1131 1400
1859 1461
241 723
1477 1544
1076 453
1832 1471
311 1103
270 1929
1598 119
1484 30
504 1319
755 623
1388 716
1434 1345
147 1705
1617 1638
1387 1126
1847 1120
1981 1310
1643 506
456 301
1869 1309
240 1070
876 1412
1700 261
748 1631
1175 1093
1846 1766
1233 1833
709 344
1329 1291
429 1256
310 35
1597 1193
1999 1637
824 1500
1357 800
272 154
866 837
1557 1491
1603 1105
530 1124
343 49
797 249
909 108
431 1252
153 971
1956 960
159 175
1976 1758
1366 338
1586 394
1662 58
1057 1911
77 690
715 279
695 1775
106 1154
1204 1948
407 1790
676 1414
408 910
1354 1961
1616 1584
548 1764
1055 597
1628 209
1314 591
1780 1187
989 33
1162 767
1614 1101
622 1718
1298 978
390 388
664 1044
1089 467
1799 161
234 1610
1788 920
1811 1895
577 1592
1763 927
98 1618
1379 1040
1931 828
449 1792
1304 239
440 863
1757 1033
1951 1349
1258 987
958 158
1732 1623
1642 1523
859 64
1283 1555
457 364
1982 379
739 182
212 452
614 1860
164 1693
992 1482
1130 1545
745 1685
1952 1608
1776 754
1251 562
1577 134
1767 376
532 1290
186 744
1087 1563
822 1159
124 27
1199 1684
325 1875
1453 914
735 516
1288 812
1189 1810
1819 551
284 437
1503 141
1004 1856
197 1969
55 1134
1271 492
1772 1636
1184 299
1450 872
1733 1315
1441 680
327 842
1664 1229
928 304
1910 1744
53 1918
61 706
1176 537
811 1037
85 1172
1195 1071
425 552
493 1097
1045 96
1279 474
1292 1281
1937 1570
400 479
1360 929
391 1717
619 220
1696 244
691 651
242 1835
1670 1295
1174 1984
1502 1348
573 1950
1468 1013
1888 1243
1902 582
15 1947
961 276
1747 460
247 810
906 1815
625 1926
502 933
290 1327
946 753
1841 1507
692 882
1296 1511
1359 1030
1594 1736
844 781
1440 406
1169 433
254 1121
1140 1462
990 1149
324 503
1777 550
1962 1073
488 1644
1262 1606
1727 217
1751 257
150 1953
1084 1365
14 1824
710 830
123 1894
594 612
1112 574
1919 733
1680 581
145 1117
103 769
1342 160
11 1236
1996 1808
596 771
1798 253
1686 1754
1741 1697
1667 1907
1862 223
893 1026
524 1155
359 1611
969 554
1293 1494
1739 902
1607 70
705 22
1599 1160
321 459
1809 1325
1756 1942
1868 1553
1850 180
1064 1430
736 922
1836 91
1787 469
430 465
654 198
1782 1762
1068 869
51 588
1653 803
555 1689
1515 274
412 1207
8 1344
173 1871
569 616
1960 638
1585 1785
1390 71
1993 601
671 1028
439 1492
757 1737
1905 211
819 559
1629 499
1352 1278
668 1845
1085 1750
179 1392
363 1196
1865 342
1710 1001
403 419
1828 1873
1395 171
169 1713
1881 1219
1266 487
545 316
932 1118
901 1904
1141 94
1179 371
1655 1966
1530 1879
184 850
1783 1364
720 1560
29 1074
1048 1650
1660 1341
1991 628
1753 62
222 97
775 1106
1593 1554
740 613
560 1933
1521 1307
1896 224
365 950
1368 531
1051 737
185 1998
1959 314
1318 1208
1415 1821
1531 543
1220 140
783 199
1108 995
1916 1393
1822 277
976 356
786 436
1891 1206
729 1458
1171 1422
1386 1572
1460 1866
1968 590
1382 1657
1302 1964
1857 514
1423 5
1708 1587
1021 1654
1398 1075
629 1133
1917 36
251 90
402 291
1250 1640
177 118
539 148
1449 701
1396 489
210 758
339 1111
518 336
1765 237
829 16
1267 69
981 413
260 1848
1170 708
1413 196
1335 937
102 1372
1418 1540
1861 796
630 980
1451 1536
441 1722
1581 1000
396 498
855 1639
955 188
1096 1537
515 126
7 1237
322 1439
697 255
1849 608
722 1371
1512 1605
1308 903
1612 1472
83 952
1242 1234
534 1218
610 861
442 1061
1263 1023
13 791
1726 1683
1508 1870
1362 288
1994 1795
307 1627
256 1909
1465 1729
1012 1543
1889 1567
655 181
1534 897
428 1955
1047 415
245 1469
533 59
970 1580
1007 137
1429 471
149 1094
1020 1363
246 1232
1211 1714
727 1532
187 269
319 1405
1231 1656
1682 1265
1253 1635
